0.01	351.71721722613347	16.675529244901483
0.011638795986622074	313.33544372437024	16.369628855687967
0.013277591973244147	331.8167925746358	16.02341244131223
0.014916387959866221	335.47570211017575	15.639298188281437
0.016555183946488295	330.9386774504027	15.219943484465938
0.018193979933110366	319.3931089228997	14.768217935826272
0.01983277591973244	263.98253614337943	14.287174482740108
0.021471571906354514	206.8522265944618	13.780018979076601
0.023110367892976588	264.06571429996666	13.250078613302804
0.024749163879598662	220.46542599819352	12.70076956155253
0.026387959866220737	167.6692340242879	12.135564267633008
0.02802675585284281	236.80865053880385	11.557958744372463
0.029665551839464885	215.60826566288324	10.971440284592976
0.03130434782608696	248.37705494884918	10.379455958487675
0.032943143812709026	218.3887272830543	9.785382257530921
0.0345819397993311	156.5483019664061	9.192496223576727
0.036220735785953175	159.62595610349217	8.603948375898117
0.03785953177257525	173.40490769705855	8.022737719046647
0.03949832775919732	136.43686173313472	7.451689081083231
0.0411371237458194	141.41230482774114	6.893432995510756
0.04277591973244147	112.07307301745375	6.35038830172555
0.044414715719063545	125.61874968908161	5.824747598624846
0.04605351170568562	100.8270042621808	5.318465644802795
0.047692307692307694	88.718650922107	4.833250757184421
0.04933110367892977	95.3745439936267	4.370559218625698
0.05096989966555184	71.90819295014668	3.9315926645713626
0.052608695652173916	64.64411531164994	3.517298379906459
0.05424749163879598	79.56935554034455	3.1283724002222426
0.05588628762541806	50.72924536581127	2.765265277356174
0.05752508361204013	45.33061718061192	2.4281903377204057
0.059163879598662206	42.9410034422689	2.117134234004994
0.06080267558528428	34.903878670801646	1.8318695666672717
0.062441471571906354	28.01055696040472	1.5719693314647187
0.06408026755852843	25.191645531293965	1.336822933349845
0.0657190635451505	21.670843736859958	1.1256534954433408
0.06735785953177258	19.613042697563788	0.9375361845830446
0.06899665551839465	14.9557796845486	0.77141727208538
0.07063545150501672	13.681261736259918	0.6261336497564433
0.07227424749163879	11.95345758769928	0.5004325266886149
0.07391304347826086	7.556245729863929	0.3929910417497253
0.07555183946488293	5.952675916041549	0.3024355396331275
0.07719063545150501	4.000122433056463	0.2273602745559146
0.07882943143812708	3.080169014825361	0.1663453247935562
0.08046822742474916	2.335697679704189	0.11797352281158782
0.08210702341137123	1.6072822429791451	0.08084622936106776
0.0837458193979933	1.049935925606068	0.05359780508800446
0.08538461538461538	0.5769901857293942	0.03490865950158829
0.08702341137123745	0.38449684902331993	0.02351678408395126
0.08866220735785953	0.3574786611853544	0.018227703444078907
0.0903010033444816	0.35542892523262254	0.017922805273634334
0.09193979933110367	0.36263491910534934	0.021566036027814442
0.09357859531772575	0.533828200112168	0.028208974333423592
0.09521739130434782	0.7794317356697273	0.03699431775700448
0.0968561872909699	1.0122612926311492	0.04715784042553456
0.09849498327759196	1.0581296329143535	0.058028898802051136
0.10013377926421403	1.4405772106275612	0.06902958044681132
0.1017725752508361	1.4938178107408984	0.0796726056587166
0.10341137123745818	1.5534422003327768	0.08955810435987213
0.10505016722408025	2.0421596106592754	0.09836940037732575
0.10668896321070233	2.4149645974421587	0.10586794235959862
0.1083277591973244	2.2632555462764485	0.11188752495965376
0.10996655518394648	2.1043836591096707	0.1163279456849016
0.11160535117056855	2.596111116169659	0.11914824206637309
0.11324414715719062	2.6206230279789895	0.12035965068031718
0.1148829431438127	2.346703616468706	0.12001842424817642
0.11652173913043477	2.386864458823718	0.11821863575717871
0.11816053511705685	1.9199641996481194	0.11508508952047634
0.11979933110367892	2.442014495221861	0.11076644858897189
0.121438127090301	2.429539498796249	0.1054286762064623
0.12307692307692307	2.0168549538528264	0.09924887634327922
0.12471571906354514	1.6676162388484506	0.09240960503143551
0.12635451505016723	1.8473612411304192	0.08509371053372708
0.1279933110367893	1.415771816275945	0.0774797465796456
0.12963210702341138	1.3102838916786697	0.06973798924905543
0.13127090301003344	1.2697986763861118	0.062027074820240696
0.1329096989966555	1.133253096707733	0.05449126324143572
0.1345484949832776	0.9999263932761727	0.04725832002995222
0.13618729096989968	0.8439336814946408	0.04043799851992935
0.13782608695652174	0.7592195336753614	0.03412109460991449
0.13946488294314383	0.5596120437690176	0.028379037616963972
0.14110367892976589	0.4476547916942669	0.023263973606833004
0.14274247491638797	0.3681309926175142	0.01880929169229016
0.14438127090301003	0.3045552261703389	0.015030539296540324
0.14602006688963212	0.23744929283511687	0.011926669260886086
0.14765886287625418	0.17806503159552384	0.009481559903367688
0.14929765886287627	0.16401991128429735	0.007665748652033951
0.15093645484949833	0.1297830801414088	0.006438320604684546
0.1525752508361204	0.1252957043664056	0.005748895209221452
0.15421404682274248	0.12169561048497944	0.00553965710194075
0.15585284280936454	0.11164518038654193	0.005747380859077411
0.15749163879598663	0.12172856202301692	0.006305403874006206
0.1591304347826087	0.1469568105861089	0.0071455066267375154
0.16076923076923078	0.18424781070191928	0.008199665118748445
0.16240802675585284	0.1899265584395302	0.00940164605989686
0.16404682274247492	0.20109296939257712	0.01068842137340855
0.16568561872909698	0.22074998111900926	0.012001384593754657
0.16732441471571907	0.3097879469491245	0.013287357642990456
0.16896321070234113	0.2684474628968219	0.01449938216658055
0.17060200668896322	0.2917842578627288	0.015597294984921795
0.17224080267558528	0.3670726610828649	0.016548092180417147
0.17387959866220737	0.27319033263455295	0.017326090815562214
0.17551839464882943	0.3975141959320122	0.017912901204066693
0.17715719063545152	0.31430270886261746	0.018297225989352735
0.17879598662207358	0.3320428096151034	0.018474504993445707
0.18043478260869567	0.3635929068311843	0.01844642687032887
0.18207357859531773	0.31928159119306626	0.018220330032060143
0.1837123745819398	0.4013037163744894	0.017808516127944832
0.18535117056856187	0.3368713624355777	0.017227499574040142
0.18698996655518393	0.3341436835712963	0.01649721629067406
0.18862876254180602	0.3538663992143893	0.015640213957596315
0.19026755852842808	0.25295967065734104	0.014680844795935191
0.19190635451505017	0.32244173681964156	0.013644480195644485
0.19354515050167223	0.24539789268678222	0.01255676449338014
0.19518394648829432	0.23802807851676536	0.011442922938221876
0.19682274247491638	0.21710043943447788	0.010327136431792111
0.19846153846153847	0.19368871294817336	0.009231993064879773
0.20010033444816053	0.19996366634120713	0.008178023862211945
0.20173913043478262	0.12614577841650318	0.007183327554501694
0.20337792642140468	0.10662692179347864	0.006263286681513176
0.20501672240802676	0.11053944949007333	0.005430374944964029
0.20665551839464882	0.08879648995928703	0.004694053522306861
0.2082943143812709	0.07897883257776259	0.004060752061164517
0.20993311036789297	0.06492324667914207	0.0035339283310849563
0.21157190635451506	0.05952291103091871	0.0031141990380183296
0.21321070234113712	0.05382585268628545	0.002799533123215387
0.2148494983277592	0.059390614765458635	0.00258549797998902
0.21648829431438127	0.04373110980703212	0.002465548429367677
0.21812709030100336	0.050272032772402525	0.0024313479924825254
0.21976588628762542	0.04812210428085288	0.002473111970557126
0.22140468227424748	0.05252062440319062	0.002579962073920882
0.22304347826086957	0.052825605822374916	0.002740282805997142
0.22468227424749163	0.06350033634945902	0.0029420704791868844
0.2263210702341137	0.060342703064021924	0.0031732665863679595
0.22795986622073577	0.07419338237041337	0.0034220682415996026
0.22959866220735786	0.07779403833688615	0.0036772095025770176
0.23123745819397992	0.07549356546446089	0.003928208561099015
0.232876254180602	0.07985972044837969	0.004165577002478353
0.23451505016722407	0.08088459510252054	0.004380988557907178
0.23615384615384616	0.09007465362271709	0.004567405974739837
0.23779264214046822	0.1062955028962641	0.004719165780509005
0.2394314381270903	0.10130554409210654	0.004832021792381472
0.24107023411371237	0.09966905145042676	0.004903149203311055
0.24270903010033446	0.09620027298265846	0.004931111941768204
0.24434782608695652	0.08290511975717875	0.00491579673999214
0.2459866220735786	0.1117085281302698	0.004858317946635056
0.24762541806020066	0.09146718715856648	0.004760897577870533
0.24926421404682275	0.10071438685163013	0.004626725414827912
0.2509030100334448	0.09136237146183207	0.004459804126572869
0.2525418060200669	0.0814324557318065	0.004264784432151406
0.25418060200668896	0.08697792307655512	0.004046795220856125
0.255819397993311	0.07269156201004247	0.00381127333789728
0.2574581939799331	0.07436731063118002	0.003563797426296245
0.25909698996655517	0.05029629622866935	0.0033099298100146067
0.26073578595317726	0.06278919827976497	0.0030550699242792006
0.26237458193979935	0.05588745828584709	0.0028043222637128373
0.2640133779264214	0.050453243287854554	0.002562381244471914
0.26565217391304347	0.04795935806602263	0.0023334347802093903
0.26729096989966555	0.044701887600863494	0.0021210877698364943
0.26892976588628764	0.04095181038022705	0.0019283061033131916
0.2705685618729097	0.03733012065297633	0.0017573812243481292
0.27220735785953176	0.03325708216023426	0.0016099147586743183
0.27384615384615385	0.032133280283406014	0.0014868222344616676
0.27548494983277594	0.025544906527538477	0.0013883544964748981
0.27712374581939797	0.02956170026579514	0.001314135054797241
0.27876254180602006	0.03431024062163669	0.0012632113172489545
0.28040133779264215	0.02694347717513578	0.0012341174348991092
0.28204013377926423	0.02327362170920029	0.0012249463431540995
0.28367892976588627	0.02313778556762538	0.0012334285057605137
0.28531772575250836	0.02227456026530771	0.001257014862883091
0.28695652173913044	0.02608909425433872	0.0012929615428400251
0.28859531772575253	0.03350134756066647	0.0013384140143678262
0.29023411371237456	0.027812449976300554	0.0013904885255884916
0.29187290969899665	0.030275704641160764	0.0014463488894239582
0.29351170568561874	0.03217259656435205	0.0015032769246783382
0.2951505016722408	0.031371396801826094	0.001558735138643452
0.29678929765886286	0.027233075311436615	0.0016104205320035291
0.29842809364548495	0.03058820737522436	0.001656308711251639
0.30006688963210704	0.0353315894913664	0.0016946877993356153
0.30170568561872907	0.03790252314680931	0.001724181933893567
0.30334448160535116	0.033762917093647565	0.0017437644269737134
0.30498327759197325	0.03738613953894612	0.0017527609241429793
0.30662207357859533	0.03642562679440245	0.0017508431388957434
0.30826086956521737	0.03412283133991139	0.0017380139458208082
0.30989966555183945	0.03417793985099274	0.0017145847896826508
0.31153846153846154	0.03548391881150124	0.0016811465051229592
0.31317725752508363	0.03710218379736887	0.0016385347418692749
0.31481605351170566	0.03464704243408766	0.0015877912529699242
0.31645484949832775	0.028812349149938504	0.001530122329459133
0.31809364548494984	0.03177190999843116	0.0014668556556917919
0.3197324414715719	0.03160067161817997	0.0013993968178688066
0.32137123745819396	0.03041024232819151	0.00132918662717927
0.32301003344481605	0.02745608401538762	0.0012576603222490866
0.32464882943143814	0.02716970914439428	0.0011862095973674124
0.32628762541806017	0.022082208023904617	0.001116148267713662
0.32792642140468226	0.022264014697737453	0.0010486822351374284
0.32956521739130434	0.02106774754700809	0.0009848842625892677
0.33120401337792643	0.020915877443747573	0.000925673906605523
0.33284280936454846	0.01416155373318419	0.0008718027996545522
0.33448160535117055	0.017382465504030553	0.0008238453216889484
0.33612040133779264	0.016050511004817657	0.0007821945565630941
0.33775919732441473	0.015160556004273167	0.0007470632972520578
0.33939799331103676	0.01691943409003191	0.0007184897467172446
0.34103678929765885	0.01262227387283714	0.0006963474609265632
0.34267558528428094	0.012359616329413684	0.0006803589985014919
0.344314381270903	0.013325110094604303	0.0006701126787041423
0.34595317725752506	0.013471893738370789	0.0006650818064040577
0.34759197324414715	0.013731705139324401	0.0006646456991470148
0.34923076923076923	0.0129911241550836	0.0006681118468546991
0.3508695652173913	0.013014909075091865	0.0006747385479288523
0.35250836120401335	0.014095925587058685	0.0006837573951333619
0.35414715719063544	0.013860843600025388	0.0006943950287664272
0.35578595317725753	0.012335320582860033	0.0007058936312309886
0.3574247491638796	0.014402575165647065	0.0007175297038898832
0.35906354515050165	0.01459493669799996	0.0007286307416549608
0.36070234113712374	0.015403265175064903	0.0007385895006572423
0.3623411371237458	0.016396334454671004	0.0007468756371440409
0.36397993311036786	0.013601764604791282	0.0007530445790925734
0.36561872909698995	0.01588696664829253	0.0007567435736970415
0.36725752508361204	0.01718787096204184	0.0007577149318404293
0.3688963210702341	0.012828887752300443	0.0007557965630931641
0.37053511705685616	0.013392623632748773	0.0007509199601369486
0.37217391304347824	0.012795937227169553	0.0007431058485264276
0.37381270903010033	0.014286491354743937	0.0007324577654054558
0.3754515050167224	0.013580953916359577	0.0007191538685261578
0.37709030100334445	0.016512842674869067	0.0007034373043189468
0.37872909698996654	0.013307870402914554	0.0006856054807654845
0.38036789297658863	0.014940930522113798	0.0006659985976469995
0.3820066889632107	0.012475625932735478	0.0006449877838440783
0.38364548494983275	0.010482627773233137	0.0006229631794440593
0.38528428093645484	0.01387793117000993	0.0006003222803546021
0.3869230769230769	0.010878258875418087	0.000577458835971337
0.388561872909699	0.012533292558276296	0.000554752557368573
0.39020066889632105	0.010979608567754758	0.0005325598557221449
0.39183946488294313	0.008687027090668934	0.000511205789524204
0.3934782608695652	0.009478954235416141	0.0004909773559102604
0.39511705685618725	0.00919460215684388	0.000472118217360959
0.39675585284280934	0.00920278476684751	0.00045482491137813176
0.39839464882943143	0.011546966777901761	0.00043924454859234395
0.4000334448160535	0.009114001856167293	0.00042547396515203685
0.40167224080267555	0.008071996527369705	0.0004135602590559905
0.40331103678929764	0.008580083666811218	0.00040350260805845236
0.4049498327759197	0.007133120065455718	0.00039525523948117465
0.4065886287625418	0.008581120676013842	0.00038873140012789096
0.40822742474916385	0.005899985921498185	0.00038380815777139276
0.40986622073578594	0.0074751850676845946	0.0003803318544687442
0.411505016722408	0.009284384678210494	0.0003781240262024568
0.4131438127090301	0.006874347639202306	0.00037698760284987106
0.41478260869565214	0.008039883075996863	0.00037671320692842625
0.41642140468227423	0.00771011457731617	0.00037708537851958583
0.4180602006688963	0.007347861453575044	0.0003778885667158724
0.4196989966555184	0.005284256471277598	0.0003789127442686023
0.42133779264214044	0.00839197306538864	0.0003799585211914955
0.42297658862876253	0.007141596209090725	0.00038084165421897596
0.4246153846153846	0.008419144881609017	0.00038139687153769254
0.4262541806020067	0.007650450611110384	0.00038148095542316995
0.42789297658862874	0.007934226320285754	0.0003809750486630603
0.4295317725752508	0.00831296044430953	0.0003797861733175961
0.4311705685618729	0.008617035042120877	0.0003778479718945249
0.43280936454849495	0.007746661408859044	0.0003751207009038998
0.43444816053511703	0.006738084745108895	0.00037159052458639563
0.4360869565217391	0.007131946933802211	0.00036726817203744686
0.4377257525083612	0.00777674444001051	0.00036218703372355003
0.43936454849498324	0.007942299953842227	0.0003564007833382813
0.44100334448160533	0.007142113549280997	0.000349980617990888
0.4426421404682274	0.007334985320647594	0.000343012213858972
0.4442809364548495	0.006437171879847167	0.0003355924957449248
0.44591973244147154	0.00709778380005844	0.00032782631759957915
0.4475585284280936	0.006726156986786415	0.00031982314722390186
0.4491973244147157	0.007479209623237984	0.0003116938422906205
0.4508361204013378	0.0057138476666929805	0.00030354759684460015
0.45247491638795984	0.005800783315840974	0.00029548912787714915
0.4541137123745819	0.005715237224211061	0.0002876161607792131
0.455752508361204	0.0054927675600506655	0.00028001726082552847
0.4573913043478261	0.004453655395995581	0.0002727700456896116
0.45903010033444813	0.004004373465751851	0.0002659398016913515
0.4606688963210702	0.005028938443940952	0.000259578514369531
0.4623076923076923	0.005169272319935292	0.00025372431235894886
0.4639464882943144	0.005527997059022065	0.00024840131271123205
0.46558528428093643	0.004211017618344219	0.0002436198459670241
0.4672240802675585	0.004849423685451324	0.0002393770306602117
0.4688628762541806	0.003922409411293863	0.0002356576596630175
0.47050167224080264	0.004985802783918629	0.0002324353549692927
0.4721404682274247	0.005898531353209896	0.000229673943222021
0.4737792642140468	0.0051995907142666385	0.00022732900153554135
0.4754180602006689	0.003802315648591062	0.000225349521917317
0.47705685618729093	0.004671668908361565	0.0002236796427939348
0.478695652173913	0.004812157976740839	0.00022226039769296109
0.4803344481605351	0.004559059139715632	0.00022103143389856362
0.4819732441471572	0.004544109261439777	0.0002199326577325964
0.48361204013377923	0.003987039865051081	0.00021890576784390576
0.4852508361204013	0.004704113394148133	0.0002178956433338545
0.4868896321070234	0.0036141174590920058	0.0002168515595154007
0.4885284280936455	0.004406495096675257	0.00021572821040476402
0.4901672240802675	0.004197194278280237	0.00021448652349066722
0.4918060200668896	0.004264312004728249	0.00021309425873661304
0.4934448160535117	0.004206308538030195	0.00021152638997943912
0.4950836120401338	0.0045352792195458985	0.00020976527274155546
0.4967224080267558	0.004217663586231249	0.00020780060784296447
0.4983612040133779	0.004639646889176891	0.00020562921497198057
0.5	0.004175365994330906	0.00020325463446305066
