-3.0	-6.1774849557698515	-0.30000000000000004
-2.9393939393939394	-6.121534357343949	-0.29363636363636364
-2.878787878787879	-5.776017421054389	-0.2872727272727273
-2.8181818181818183	-5.838311998149085	-0.28090909090909094
-2.757575757575758	-5.129998563054977	-0.2745454545454546
-2.696969696969697	-5.720548762955707	-0.2681818181818182
-2.6363636363636362	-5.08333759346591	-0.26181818181818184
-2.5757575757575757	-5.573764410578529	-0.2554545454545455
-2.515151515151515	-4.899359630300736	-0.24909090909090914
-2.4545454545454546	-4.815987793484358	-0.2427272727272728
-2.393939393939394	-4.849840328664666	-0.2363636363636364
-2.333333333333333	-4.586430972872031	-0.22999999999999998
-2.2727272727272725	-4.624462840903868	-0.22363636363636363
-2.212121212121212	-3.9770803522111087	-0.21727272727272728
-2.1515151515151514	-3.98338536797842	-0.21090909090909093
-2.090909090909091	-3.856632554507129	-0.20454545454545456
-2.0303030303030303	-4.206731227202308	-0.1981818181818182
-1.9696969696969697	-3.977435183643737	-0.19181818181818186
-1.9090909090909092	-3.7690006382981434	-0.1854545454545455
-1.8484848484848484	-3.153110021092895	-0.1790909090909091
-1.7878787878787878	-3.679985121891277	-0.17272727272727276
-1.7272727272727273	-3.3256811653838434	-0.16636363636363638
-1.6666666666666665	-3.120532846042592	-0.16000000000000003
-1.606060606060606	-3.265769387323419	-0.15363636363636365
-1.5454545454545454	-2.9033861772072824	-0.1472727272727273
-1.4848484848484849	-2.901371010460051	-0.14090909090909093
-1.4242424242424243	-2.7060902668513873	-0.13454545454545458
-1.3636363636363635	-2.349750044731761	-0.1281818181818182
-1.303030303030303	-2.311840919695337	-0.12181818181818183
-1.2424242424242424	-2.3751037324639155	-0.11545454545454548
-1.1818181818181817	-2.1604590833045436	-0.10909090909090909
-1.121212121212121	-2.2981240847161897	-0.10272727272727274
-1.0606060606060606	-1.89851877070902	-0.09636363636363636
-1.0	-1.7389083278676862	-0.09000000000000001
-0.9393939393939394	-1.7697867160509961	-0.08363636363636365
-0.8787878787878789	-1.6294472537488753	-0.07727272727272728
-0.8181818181818183	-1.344185870657062	-0.07090909090909094
-0.7575757575757573	-1.1889204640598476	-0.06454545454545453
-0.6969696969696968	-1.1133253506290675	-0.05818181818181817
-0.6363636363636362	-0.9708404591228209	-0.05181818181818181
-0.5757575757575757	-0.9285958041776767	-0.04545454545454545
-0.5151515151515151	-0.8733700166742975	-0.03909090909090909
-0.4545454545454546	-0.6953574876533568	-0.03272727272727274
-0.39393939393939403	-0.5684090565894608	-0.02636363636363638
-0.33333333333333304	-0.40722752135582885	-0.019999999999999973
-0.2727272727272725	-0.2538854252342884	-0.013636363636363611
-0.21212121212121193	-0.14409091913180685	-0.007272727272727256
-0.15151515151515138	-0.019847996546333277	-0.0009090909090908955
-0.09090909090909083	0.11692267921021877	0.005454545454545462
-0.030303030303030276	0.2306227508048398	0.01181818181818182
0.030303030303030276	0.3507252173850486	0.01818181818181818
0.09090909090909083	0.4508569749714694	0.024545454545454537
0.15151515151515138	0.6284181445386792	0.0309090909090909
0.21212121212121238	0.7467143109990931	0.037272727272727305
0.27272727272727293	0.8332446504670176	0.04363636363636367
0.3333333333333335	0.9889956939803134	0.05000000000000002
0.39393939393939403	1.080728503150427	0.05636363636363637
0.4545454545454546	1.2099805421244316	0.06272727272727273
0.5151515151515151	1.378058020409451	0.06909090909090909
0.5757575757575757	1.4701390675536699	0.07545454545454545
0.6363636363636367	1.7601796113685455	0.08181818181818186
0.6969696969696972	1.6820388420465673	0.08818181818181822
0.7575757575757578	1.8671095345922735	0.09454545454545459
0.8181818181818183	2.004484504268271	0.10090909090909093
0.8787878787878789	2.0991866729806836	0.10727272727272728
0.9393939393939394	2.3327306036523394	0.11363636363636365
1.0	2.340177761742683	0.12
1.0606060606060606	2.6608425834116685	0.12636363636363634
1.121212121212121	2.50773529455046	0.13272727272727272
1.1818181818181817	2.588997675689228	0.13909090909090907
1.2424242424242422	2.8846306147489247	0.14545454545454545
1.3030303030303028	3.00959211642291	0.1518181818181818
1.3636363636363633	2.8400773678432167	0.15818181818181815
1.4242424242424248	3.5002536795812134	0.1645454545454546
1.4848484848484853	3.5706954806451643	0.17090909090909095
1.5454545454545459	3.2907754191168435	0.17727272727272733
1.6060606060606064	3.774373570253108	0.18363636363636368
1.666666666666667	3.592331425629709	0.19000000000000006
1.7272727272727275	3.911068895408479	0.1963636363636364
1.787878787878788	4.154266733241616	0.20272727272727278
1.8484848484848486	4.291187387252849	0.20909090909090913
1.9090909090909092	4.379405736047939	0.21545454545454548
1.9696969696969697	4.643637422004879	0.22181818181818183
2.0303030303030303	4.672215448454471	0.22818181818181818
2.090909090909091	4.646357132217021	0.23454545454545453
2.1515151515151514	4.346942653965243	0.24090909090909093
2.212121212121212	5.106669720999489	0.24727272727272728
2.2727272727272725	5.026334380959342	0.2536363636363636
2.333333333333334	5.106991668098397	0.26000000000000006
2.3939393939393945	5.268837781631758	0.2663636363636364
2.454545454545455	5.258041477683532	0.2727272727272728
2.5151515151515156	6.104525844678049	0.27909090909090917
2.575757575757576	6.196895005412481	0.2854545454545455
2.6363636363636367	5.871158415824504	0.29181818181818187
2.6969696969696972	5.584524584642337	0.2981818181818182
2.757575757575758	5.914131579107852	0.3045454545454546
2.8181818181818183	5.849505347432809	0.31090909090909097
2.878787878787879	6.385591224739034	0.3172727272727273
2.9393939393939394	6.455454497670692	0.32363636363636367
3.0	6.677023250654967	0.33000000000000007
