-2.0	-205.4633119941473	-9.777993334925833
-1.9919839679358717	-205.5532910988085	-9.777099947943645
-1.9839679358717435	-189.27301622042995	-9.77619934167271
-1.9759519038076152	-174.83453662098418	-9.775291428251503
-1.967935871743487	-205.20330424380597	-9.774376118386947
-1.9599198396793587	-199.9697598049851	-9.773453321325135
-1.9519038076152304	-203.25607680792993	-9.772522944821338
-1.9438877755511021	-174.90346678170374	-9.77158489510926
-1.9358717434869739	-176.6652050358949	-9.770639076869546
-1.9278557114228456	-177.8792722491105	-9.769685393197486
-1.9198396793587174	-191.04437808433713	-9.768723745569918
-1.911823647294589	-175.41057748884882	-9.7677540338113
-1.9038076152304608	-174.9101979048691	-9.76677615605893
-1.8957915831663326	-188.74533979215173	-9.765790008727254
-1.8877755511022045	-180.16869469463862	-9.76479548647132
-1.8797595190380763	-176.37135200745732	-9.763792482149235
-1.871743486973948	-216.88210087060838	-9.762780886783707
-1.8637274549098197	-227.2747736048854	-9.761760589522561
-1.8557114228456915	-185.88771098288422	-9.760731477598254
-1.8476953907815632	-207.99019960574208	-9.759693436286314
-1.839679358717435	-185.36176470234807	-9.758646348862726
-1.8316633266533067	-221.92778622126895	-9.757590096560156
-1.8236472945891784	-166.92504206609834	-9.756524558523058
-1.8156312625250501	-215.1940235365574	-9.75544961176157
-1.8076152304609219	-187.72915559569824	-9.754365131104194
-1.7995991983967936	-181.69020427581958	-9.7532709891492
-1.7915831663326653	-173.92140604914556	-9.752167056214745
-1.783567134268537	-204.4128647017328	-9.751053200287622
-1.7755511022044088	-208.05882818564402	-9.749929286970634
-1.7675350701402806	-184.0471621871964	-9.748795179428551
-1.7595190380761523	-236.54638271107314	-9.747650738332553
-1.751503006012024	-197.07928833124748	-9.746495821803183
-1.7434869739478958	-172.88699803252618	-9.745330285351704
-1.7354709418837675	-210.9812647031347	-9.744153981819842
-1.7274549098196392	-186.6909823276108	-9.742966761317845
-1.719438877755511	-212.39893721466737	-9.741768471160817
-1.711422845691383	-200.5439853281365	-9.740558955803259
-1.7034068136272547	-191.33483271058245	-9.739338056771743
-1.6953907815631264	-196.18640337344323	-9.738105612595724
-1.6873747494989981	-174.65397644254173	-9.736861458736321
-1.6793587174348699	-197.89046323288812	-9.735605427513105
-1.6713426853707416	-192.0267184683554	-9.734337348028756
-1.6633266533066133	-204.2297298901387	-9.733057046091545
-1.655310621242485	-180.89664620485425	-9.731764344135572
-1.6472945891783568	-219.79050804262292	-9.730459061138665
-1.6392785571142285	-189.4552998297623	-9.729141012537875
-1.6312625250501003	-185.89105331229308	-9.727810010142484
-1.623246492985972	-226.78631480493425	-9.726465862044423
-1.6152304609218437	-158.20771351136472	-9.725108372526034
-1.6072144288577155	-203.895465266756	-9.723737341965064
-1.5991983967935872	-195.92544548105354	-9.72235256673682
-1.591182364729459	-189.10051889651413	-9.720953839113328
-1.5831663326653307	-180.77681294294044	-9.719540947159471
-1.5751503006012024	-207.6189345464311	-9.718113674625933
-1.5671342685370742	-193.70181165892012	-9.716671800838853
-1.559118236472946	-201.94267746910788	-9.715215100586095
-1.5511022044088176	-192.96008945712973	-9.713743343999978
-1.5430861723446894	-164.29559648600952	-9.71225629643634
-1.535070140280561	-190.3512394443283	-9.710753718349848
-1.5270541082164328	-197.0359145151662	-9.709235365165332
-1.5190380761523046	-208.4202331279949	-9.707700987145095
-1.5110220440881763	-219.64129441342487	-9.706150329251967
-1.503006012024048	-197.35979284353277	-9.704583131007977
-1.4949899799599198	-169.06069873432835	-9.702999126348502
-1.4869739478957915	-157.45581954391812	-9.701398043471675
-1.4789579158316633	-132.22838789816203	-9.699779604682902
-1.470941883767535	-165.73026972847452	-9.698143526234308
-1.4629258517034067	-192.76063657311087	-9.69648951815888
-1.4549098196392785	-224.70335359496715	-9.69481728409915
-1.4468937875751502	-198.57211251293	-9.69312652113017
-1.438877755511022	-178.634066171875	-9.691416919576577
-1.4308617234468939	-192.41707676982654	-9.689688162823504
-1.4228456913827656	-191.22931712593922	-9.687939927121102
-1.4148296593186374	-202.39605456236467	-9.68617188138241
-1.406813627254509	-194.91173134107953	-9.684383686974334
-1.3987975951903808	-193.48207656204036	-9.682574997501407
-1.3907815631262526	-193.07293172798103	-9.680745458582107
-1.3827655310621243	-200.17758483228047	-9.678894707617365
-1.374749498997996	-199.00048886004745	-9.677022373550995
-1.3667334669338678	-164.32594891163026	-9.675128076621675
-1.3587174348697395	-184.62351701116333	-9.67321142810617
-1.3507014028056112	-179.67658795524378	-9.671272030053386
-1.342685370741483	-163.1099762143624	-9.66930947500893
-1.3346693386773547	-157.10763811560167	-9.667323345729704
-1.3266533066132267	-195.5794984899521	-9.665313214888192
-1.3186372745490984	-193.49220497447524	-9.663278644765931
-1.3106212424849701	-231.11481358520933	-9.661219186935753
-1.3026052104208419	-195.01552256671354	-9.65913438193228
-1.2945891783567136	-186.25276820244832	-9.657023758910189
-1.2865731462925853	-202.2385801959852	-9.654886835289691
-1.278557114228457	-183.30455507654386	-9.652723116388687
-1.2705410821643288	-191.6947616854788	-9.650532095040981
-1.2625250501002006	-205.1156604615864	-9.648313251199973
-1.2545090180360723	-151.9755917935797	-9.646066051527129
-1.246492985971944	-198.4390632104698	-9.643789948964601
-1.2384769539078158	-182.39471584494902	-9.641484382291232
-1.2304609218436875	-193.55571529205065	-9.639148775661209
-1.2224448897795592	-222.80929169061395	-9.63678253812456
-1.214428857715431	-206.19639720541554	-9.634385063128683
-1.2064128256513027	-170.0793317039149	-9.631955727999971
-1.1983967935871744	-197.02303740651067	-9.629493893404652
-1.1903807615230462	-192.6170922950403	-9.626998902787848
-1.182364729458918	-180.73393421100917	-9.6244700817898
-1.1743486973947896	-179.70728593791267	-9.621906737638195
-1.1663326653306614	-195.52706845572703	-9.619308158515434
-1.1583166332665331	-155.0665442261725	-9.616673612899623
-1.1503006012024048	-209.42914591601388	-9.614002348878017
-1.1422845691382766	-188.61010712188033	-9.611293593431547
-1.1342685370741483	-184.7380240892509	-9.608546551689015
-1.12625250501002	-223.8325695102376	-9.605760406149436
-1.1182364729458918	-172.77980544420797	-9.602934315870936
-1.1102204408817635	-186.30014325221788	-9.600067415624515
-1.1022044088176353	-221.77795356148016	-9.597158815010877
-1.094188376753507	-163.17990929167172	-9.594207597538428
-1.0861723446893787	-141.08187255582436	-9.591212819660482
-1.0781563126252505	-191.56991816220764	-9.588173509769483
-1.0701402805611222	-194.9750876676051	-9.585088667146033
-1.062124248496994	-200.98441415743486	-9.581957260860344
-1.0541082164328657	-183.84067879250685	-9.57877822862354
-1.0460921843687374	-192.72810583940299	-9.575550475586173
-1.0380761523046091	-206.33381797370362	-9.572272873081046
-1.0300601202404809	-184.68381417223392	-9.568944257307358
-1.0220440881763528	-195.32104740492963	-9.565563427952906
-1.0140280561122246	-211.44687027190582	-9.562129146750953
-1.0060120240480963	-206.86584485219845	-9.55864013596809
-0.997995991983968	-220.32967288053803	-9.55509507681924
-0.9899799599198398	-218.32541020644416	-9.551492607805633
-0.9819639278557115	-181.92704438285057	-9.547831322971392
-0.9739478957915833	-184.13571927074287	-9.544109770074035
-0.965931863727455	-173.92087807765483	-9.540326448663864
-0.9579158316633267	-169.99657551932594	-9.536479808066908
-0.9498997995991985	-182.6252984729039	-9.532568245265784
-0.9418837675350702	-211.70919378643467	-9.528590102672302
-0.9338677354709419	-179.41962321986577	-9.52454366578537
-0.9258517034068137	-216.91771990393443	-9.520427160727234
-0.9178356713426854	-185.56162896984918	-9.516238751650617
-0.9098196392785571	-164.15688490830564	-9.51197653800877
-0.9018036072144289	-208.05891427025836	-9.50763855167996
-0.8937875751503006	-157.16328535380526	-9.503222753937179
-0.8857715430861723	-181.31526576172496	-9.498727032253353
-0.8777555110220441	-196.5188431275507	-9.494149196931465
-0.869739478957916	-188.4831731952281	-9.489486977548344
-0.8617234468937878	-190.4913583852952	-9.484738019199957
-0.8537074148296595	-179.44238452726051	-9.47989987853517
-0.8456913827655312	-175.5126768503004	-9.474970019563939
-0.837675350701403	-197.84434772840868	-9.46994580922484
-0.8296593186372747	-202.58905047174585	-9.464824512695612
-0.8216432865731464	-158.71031691480266	-9.459603288429227
-0.8136272545090182	-189.09845875043297	-9.45427918289651
-0.8056112224448899	-191.65740986864134	-9.448849125014885
-0.7975951903807617	-176.17171609795017	-9.443309920241166
-0.7895791583166334	-182.97595787164866	-9.43765824430453
-0.7815631262525051	-194.46587109884388	-9.43189063655381
-0.7735470941883769	-197.81356588579283	-9.42600349289116
-0.7655310621242486	-200.62094044334648	-9.419993058261754
-0.7575150300601203	-206.27653412496073	-9.41385541866665
-0.7494989979959921	-184.28449335809836	-9.407586492663098
-0.7414829659318638	-191.68427767218367	-9.401182022313527
-0.7334669338677355	-186.38339264298145	-9.394637563541025
-0.7254509018036073	-168.6610665817565	-9.387948475845382
-0.717434869739479	-205.84918182454766	-9.381109911329743
-0.7094188376753507	-203.85939781860327	-9.374116802983265
-0.7014028056112225	-210.84007091964813	-9.366963852160328
-0.6933867735470942	-192.90779202399995	-9.359645515191245
-0.685370741482966	-178.780892812495	-9.352155989053363
-0.6773547094188377	-193.80987631559464	-9.344489196024737
-0.6693386773547094	-168.42174403665362	-9.33663876723509
-0.6613226452905814	-144.22929636990733	-9.32859802502044
-0.6533066132264531	-181.89142024945173	-9.320359963978724
-0.6452905811623248	-225.37722851363955	-9.311917230613401
-0.6372745490981966	-169.3328639768484	-9.303262101440737
-0.6292585170340683	-172.5068521852276	-9.294386459423759
-0.6212424849699401	-180.11689170428144	-9.28528176858175
-0.6132264529058118	-156.75842921584902	-9.275939046608357
-0.6052104208416835	-169.68184699575613	-9.266348835313668
-0.5971943887775553	-169.37881899711118	-9.256501168685785
-0.589178356713427	-183.09315123605938	-9.246385538345272
-0.5811623246492987	-202.7745919662441	-9.235990856140658
-0.5731462925851705	-168.0012113042082	-9.225305413605204
-0.5651302605210422	-154.27112409613582	-9.214316837963295
-0.5571142284569139	-169.8436148920587	-9.203012044338983
-0.5490981963927857	-203.2615685621035	-9.19137718377861
-0.5410821643286574	-171.34309326615997	-9.179397586653572
-0.5330661322645291	-176.8096513354173	-9.167057700957026
-0.5250501002004009	-174.60788709711923	-9.15434102494902
-0.5170340681362726	-172.79002378242672	-9.141230033536997
-0.5090180360721444	-204.3972139649686	-9.127706097701475
-0.5010020040080161	-164.59177897691117	-9.113749396188501
-0.4929859719438878	-196.88665436207341	-9.099338818589445
-0.48496993987975956	-201.20595849890847	-9.084451858812798
-0.4769539078156313	-146.243058504703	-9.069064497819172
-0.46893787575150303	-189.8271185339066	-9.053151074337077
-0.460921843687375	-184.56996961092875	-9.036684142099501
-0.4529058116232467	-169.77121757397748	-9.019634311935958
-0.44488977955911846	-199.24458199820722	-9.00197007681646
-0.4368737474949902	-188.972513520536	-8.983657617667209
-0.42885771543086193	-165.964001107041	-8.964660587455505
-0.42084168336673367	-150.4063260078221	-8.94493987066554
-0.4128256513026054	-195.11412802662178	-8.924453314847218
-0.40480961923847714	-192.06125428198413	-8.903155430405594
-0.39679358717434887	-198.19872538812334	-8.880997054194372
-0.3887775551102206	-190.094810430239	-8.857924971767309
-0.38076152304609234	-166.9824715760623	-8.833881492305462
-0.3727454909819641	-165.37890365265937	-8.808803969253166
-0.3647294589178358	-169.61738983714972	-8.782624258532655
-0.35671342685370755	-198.56088423379126	-8.755268104833624
-0.3486973947895793	-172.77913396969555	-8.726654444850036
-0.340681362725451	-179.2397217423286	-8.696694614416861
-0.33266533066132276	-157.8207542010857	-8.665291444230315
-0.3246492985971945	-171.8387355308002	-8.632338226156302
-0.3166332665330662	-163.846577277315	-8.597717528973476
-0.30861723446893796	-197.65429509764184	-8.561299838684294
-0.3006012024048097	-180.76849699620215	-8.522941994177636
-0.29258517034068143	-190.13318617697553	-8.48248538395759
-0.28456913827655317	-150.05665722765983	-8.439753863786896
-0.2765531062124249	-158.1732443079261	-8.394551348369403
-0.26853707414829664	-157.16305773325445	-8.346659022587009
-0.2605210420841684	-161.81086218303827	-8.295832109348062
-0.25250501002004033	-127.80149764386991	-8.241796121934703
-0.24448897795591207	-158.36926011557694	-8.184242519158316
-0.2364729458917838	-195.56020183550035	-8.122823672198567
-0.22845691382765554	-142.96846011062263	-8.05714704364086
-0.22044088176352727	-166.68079545441265	-7.9867684734130835
-0.212424849699399	-150.9751910070209	-7.911184465306942
-0.20440881763527075	-151.4768091820466	-7.829823374885567
-0.19639278557114248	-172.36323636952739	-7.7420354196331065
-0.18837675350701422	-163.71163257189434	-7.647081471940346
-0.18036072144288595	-147.24566156223847	-7.544120664164554
-0.1723446893787577	-154.41808080130278	-7.4321969447711895
-0.16432865731462942	-165.68858782274276	-7.310224891061442
-0.15631262525050116	-152.25388866950493	-7.17697532617407
-0.1482965931863729	-116.97301223686118	-7.031061627379643
-0.14028056112224463	-143.5929258401394	-6.870928070715294
-0.13226452905811636	-143.83248050324505	-6.6948421504694
-0.1242484969939881	-113.21980599245006	-6.500893544106098
-0.11623246492985984	-123.53185060879511	-6.287003239692345
-0.10821643286573157	-130.05755406921406	-6.050947232219888
-0.1002004008016033	-93.91378624952182	-5.790399983368022
-0.09218436873747504	-138.32307582995708	-5.503003283483391
-0.08416833667334678	-98.8700533181599	-5.1864658964862445
-0.07615230460921851	-98.90118513002953	-4.838697945230257
-0.06813627254509025	-89.24654870112252	-4.4579809056272826
-0.060120240480961984	-71.15134926577768	-4.043168933823189
-0.05210420841683372	-58.05941190447065	-3.593910021986289
-0.04408817635270568	-60.78621925858161	-3.110866803608856
-0.03607214428857741	-51.65889273672678	-2.5959082770412394
-0.028056112224449148	-42.55489172132748	-2.0522378002171826
-0.020040080160320883	-30.3978822947213	-1.4844224399832884
-0.012024048096192619	-21.134425405313696	-0.8982966315933805
-0.004008016032064354	-6.045224090491511	-0.3007297464932712
0.00400801603206391	5.459224628254437	0.30072974649325346
0.012024048096192175	14.601638815630158	0.8982966315933316
0.02004008016032044	30.18753871038475	1.4844224399832617
0.028056112224448704	47.55955409481464	2.0522378002171537
0.03607214428857697	50.180636871835986	2.595908277041208
0.04408817635270523	67.45598669166476	3.1108668036088254
0.0521042084168335	76.07437380181769	3.593910021986275
0.06012024048096176	74.97176627557666	4.043168933823179
0.06813627254509003	80.72052894074906	4.45798090562727
0.07615230460921829	110.04022464458143	4.838697945230246
0.08416833667334656	109.99533427454978	5.186465896486233
0.09218436873747482	99.09697894510225	5.503003283483382
0.10020040080160308	119.01472955286734	5.7903999833680135
0.10821643286573135	113.07514955351465	6.050947232219881
0.11623246492985961	115.8827695774575	6.287003239692339
0.12424849699398788	128.1745702858474	6.50089354410609
0.13226452905811614	132.2243979221792	6.694842150469398
0.1402805611222444	129.82161122310657	6.870928070715291
0.14829659318637267	133.76257611231074	7.031061627379639
0.15631262525050094	164.18781183412207	7.176975326174065
0.1643286573146292	153.12032653273778	7.31022489106144
0.17234468937875747	148.65500117105583	7.432196944771185
0.18036072144288573	179.89986113917158	7.5441206641645495
0.188376753507014	139.14689972856522	7.6470814719403455
0.19639278557114226	152.38667740119928	7.742035419633104
0.20440881763527052	164.08700796341728	7.829823374885564
0.2124248496993988	163.25383608528634	7.911184465306938
0.22044088176352705	157.33893913515024	7.986768473413083
0.22845691382765532	156.88845860067968	8.057147043640859
0.23647294589178358	143.053262228679	8.122823672198566
0.24448897795591185	184.3338354646897	8.184242519158314
0.2525050100200401	161.7649357074211	8.241796121934701
0.26052104208416793	188.90221182155116	8.295832109348058
0.2685370741482962	178.828750290689	8.346659022587007
0.27655310621242446	134.16565682320126	8.394551348369399
0.2845691382765527	150.94184461242332	8.439753863786894
0.292585170340681	168.95279851885385	8.482485383957588
0.30060120240480925	181.2828611953295	8.522941994177634
0.3086172344689375	161.12844725183984	8.56129983868429
0.3166332665330658	172.91831419461	8.597717528973474
0.32464929859719405	171.368049461553	8.632338226156298
0.3326653306613223	211.85060971364726	8.665291444230311
0.3406813627254506	192.40033773562166	8.696694614416858
0.34869739478957884	163.89559378154647	8.726654444850034
0.3567134268537071	176.80186658472545	8.755268104833622
0.36472945891783537	184.3787431006551	8.782624258532653
0.37274549098196363	189.0016452214	8.808803969253162
0.3807615230460919	177.8033317347025	8.833881492305458
0.38877755511022016	158.28114923688346	8.857924971767309
0.3967935871743484	145.80164944930092	8.880997054194372
0.4048096192384767	177.76633444923448	8.903155430405592
0.41282565130260496	157.29192234285824	8.924453314847218
0.4208416833667332	190.67820802612434	8.944939870665536
0.4288577154308615	178.47636157986332	8.964660587455503
0.43687374749498975	195.4239937952634	8.983657617667209
0.444889779559118	157.89729959882462	9.00197007681646
0.4529058116232463	171.85312638947724	9.019634311935956
0.46092184368737454	158.2305686706811	9.036684142099501
0.4689378757515028	204.01398973874035	9.053151074337075
0.4769539078156311	169.80934913843868	9.06906449781917
0.48496993987975934	182.8427592085589	9.084451858812798
0.4929859719438876	183.07439052323915	9.099338818589445
0.5010020040080159	196.83062314918496	9.113749396188501
0.5090180360721441	174.90371218086827	9.127706097701475
0.5170340681362724	200.37731338725078	9.141230033536997
0.5250501002004007	180.78008521186575	9.154341024949018
0.5330661322645289	156.93552870735417	9.167057700957024
0.5410821643286572	163.931846632692	9.179397586653572
0.5490981963927855	200.74492007499302	9.19137718377861
0.5571142284569137	182.81770539591673	9.203012044338983
0.565130260521042	188.07736410337088	9.214316837963294
0.5731462925851702	176.61160118866496	9.225305413605202
0.5811623246492985	153.75428323543198	9.235990856140658
0.5891783567134268	179.56312082255465	9.246385538345272
0.597194388777555	182.4670351104596	9.256501168685785
0.6052104208416833	196.70743757542914	9.266348835313668
0.6132264529058116	173.17807799888843	9.275939046608357
0.6212424849699398	218.4254634430598	9.28528176858175
0.6292585170340681	177.77626385630438	9.294386459423759
0.6372745490981964	192.5690172731127	9.303262101440737
0.6452905811623246	166.3047053950274	9.311917230613401
0.6533066132264529	213.29889460598986	9.320359963978724
0.6613226452905812	183.3697448170945	9.32859802502044
0.669338677354709	191.79194383101688	9.33663876723509
0.6773547094188372	189.62069184661453	9.344489196024737
0.6853707414829655	191.39658961077123	9.352155989053362
0.6933867735470938	226.51137348388394	9.359645515191245
0.701402805611222	166.79738933622474	9.366963852160328
0.7094188376753503	190.33258889940976	9.374116802983265
0.7174348697394786	150.05738379951896	9.381109911329743
0.7254509018036068	215.61491330595842	9.387948475845382
0.7334669338677351	182.64049650399596	9.394637563541023
0.7414829659318634	152.24192950147778	9.401182022313526
0.7494989979959916	183.88993051312312	9.407586492663098
0.7575150300601199	189.61706445165288	9.41385541866665
0.7655310621242482	202.39454925253347	9.419993058261754
0.7735470941883764	185.48286463205892	9.42600349289116
0.7815631262525047	196.69590711895566	9.43189063655381
0.789579158316633	222.8694848939469	9.43765824430453
0.7975951903807612	211.02887135546504	9.443309920241164
0.8056112224448895	196.75792115188298	9.448849125014885
0.8136272545090177	203.13464254382208	9.45427918289651
0.821643286573146	166.15427601955443	9.459603288429227
0.8296593186372743	219.3045009772448	9.46482451269561
0.8376753507014025	188.03251278982844	9.46994580922484
0.8456913827655308	223.25299563179678	9.474970019563939
0.8537074148296591	173.14134323160317	9.47989987853517
0.8617234468937873	178.7920852383928	9.484738019199957
0.8697394789579156	210.35601491279402	9.489486977548344
0.8777555110220439	200.75106298895003	9.494149196931465
0.8857715430861721	217.20452177372425	9.498727032253353
0.8937875751503004	207.99906429343554	9.503222753937179
0.9018036072144286	155.0714112769697	9.507638551679959
0.9098196392785569	206.94245935456544	9.51197653800877
0.9178356713426852	193.6963360455282	9.516238751650617
0.9258517034068134	180.5040481959706	9.520427160727234
0.9338677354709417	191.2190652683543	9.52454366578537
0.94188376753507	175.40459794617882	9.528590102672302
0.9498997995991982	185.37880612401472	9.532568245265784
0.9579158316633265	207.594080042093	9.536479808066908
0.9659318637274548	211.65716812753595	9.540326448663864
0.973947895791583	195.41936047930477	9.544109770074035
0.9819639278557113	196.95432261968043	9.547831322971392
0.9899799599198396	202.01892874546488	9.551492607805631
0.9979959919839678	168.89272954425718	9.55509507681924
1.006012024048096	233.68842398999607	9.55864013596809
1.0140280561122244	224.69833308979548	9.562129146750953
1.0220440881763526	187.53095593109487	9.565563427952906
1.0300601202404809	175.09368187577655	9.568944257307358
1.0380761523046091	179.1959791845292	9.572272873081046
1.0460921843687374	200.01955645570789	9.575550475586173
1.0541082164328657	226.05156741293746	9.57877822862354
1.062124248496994	171.74704086013926	9.581957260860344
1.0701402805611222	197.06213503176062	9.585088667146033
1.07815631262525	192.2510763318299	9.588173509769483
1.0861723446893783	195.55627483232362	9.591212819660482
1.0941883767535066	170.26463787916043	9.594207597538428
1.1022044088176348	198.63820833868456	9.597158815010877
1.110220440881763	216.84927707694436	9.600067415624515
1.1182364729458913	168.28673752996053	9.602934315870936
1.1262525050100196	204.29024468838008	9.605760406149436
1.1342685370741479	172.90423820837745	9.608546551689015
1.1422845691382761	206.45397709355657	9.611293593431547
1.1503006012024044	226.50576393382605	9.614002348878017
1.1583166332665327	187.74858065274915	9.616673612899623
1.166332665330661	169.93526699677344	9.619308158515434
1.1743486973947892	187.38142861845913	9.621906737638195
1.1823647294589175	219.7123216237786	9.6244700817898
1.1903807615230457	221.87366144769342	9.626998902787848
1.198396793587174	195.44220590923112	9.629493893404652
1.2064128256513023	189.50770181561904	9.631955727999971
1.2144288577154305	178.72274634925478	9.634385063128683
1.2224448897795588	214.76556762975932	9.63678253812456
1.230460921843687	199.96087762941923	9.639148775661209
1.2384769539078153	197.30814711667946	9.641484382291232
1.2464929859719436	193.46339071268676	9.643789948964601
1.2545090180360718	206.69522128530429	9.646066051527129
1.2625250501002	187.98771179450233	9.648313251199973
1.2705410821643284	167.3083248474413	9.65053209504098
1.2785571142284566	178.45921055766698	9.652723116388687
1.286573146292585	209.48698100641948	9.654886835289691
1.2945891783567132	184.05200909245684	9.657023758910189
1.3026052104208414	195.93138748301712	9.65913438193228
1.3106212424849697	236.69470938147595	9.661219186935753
1.318637274549098	158.01864181655992	9.66327864476593
1.3266533066132262	178.67426466800197	9.665313214888192
1.3346693386773545	164.59921192628275	9.667323345729704
1.3426853707414828	170.43235338139445	9.66930947500893
1.350701402805611	190.59848825744106	9.671272030053386
1.3587174348697393	232.4375356068684	9.67321142810617
1.3667334669338675	202.65948566095182	9.675128076621675
1.3747494989979958	184.56748653150942	9.677022373550995
1.382765531062124	188.24072683447773	9.678894707617365
1.3907815631262523	185.95288743652893	9.680745458582107
1.3987975951903806	170.71212219587287	9.682574997501407
1.4068136272545089	176.25563282257508	9.684383686974334
1.4148296593186371	166.7914272972204	9.68617188138241
1.4228456913827654	194.0565953070086	9.687939927121102
1.4308617234468937	184.4249133040418	9.689688162823504
1.438877755511022	201.46044201845297	9.691416919576577
1.4468937875751502	199.58185582999238	9.69312652113017
1.4549098196392785	180.331377401561	9.69481728409915
1.4629258517034067	153.321251940197	9.69648951815888
1.470941883767535	193.16161551249877	9.698143526234308
1.4789579158316633	198.9249015530554	9.699779604682902
1.4869739478957915	200.26321833217625	9.701398043471675
1.4949899799599193	195.8288462069997	9.702999126348502
1.5030060120240476	203.34865049086068	9.704583131007977
1.5110220440881759	179.04691688651323	9.706150329251965
1.5190380761523041	168.195001461341	9.707700987145095
1.5270541082164324	179.5614934532173	9.709235365165332
1.5350701402805607	189.88660339480612	9.710753718349848
1.543086172344689	215.933172758175	9.71225629643634
1.5511022044088172	189.1279951808085	9.713743343999978
1.5591182364729455	218.8195897846688	9.715215100586095
1.5671342685370737	186.10759818816211	9.716671800838853
1.575150300601202	173.6783813092926	9.718113674625933
1.5831663326653302	166.65545629486837	9.719540947159471
1.5911823647294585	218.86907511485506	9.720953839113328
1.5991983967935868	188.72537046925416	9.72235256673682
1.607214428857715	214.74620636755245	9.723737341965064
1.6152304609218433	214.1906808120537	9.725108372526034
1.6232464929859716	187.01753144185687	9.726465862044423
1.6312625250500998	210.9256716849799	9.727810010142484
1.639278557114228	206.16439831844792	9.729141012537875
1.6472945891783564	157.23253393941252	9.730459061138665
1.6553106212424846	199.77633701675623	9.73176434413557
1.663326653306613	227.28919589391083	9.733057046091545
1.6713426853707412	183.9225002577607	9.734337348028756
1.6793587174348694	194.9176322740904	9.735605427513105
1.6873747494989977	198.36601019325116	9.736861458736321
1.695390781563126	176.77236853948398	9.738105612595724
1.7034068136272542	207.77575302315978	9.739338056771743
1.7114228456913825	209.14437265049827	9.740558955803259
1.7194388777555107	171.2482698950417	9.741768471160817
1.727454909819639	202.97636517150272	9.742966761317845
1.7354709418837673	159.18713743530844	9.744153981819842
1.7434869739478955	200.19702664312305	9.745330285351704
1.7515030060120238	198.95062567277105	9.746495821803183
1.759519038076152	183.4469003673319	9.747650738332553
1.7675350701402803	199.90390909906716	9.748795179428551
1.7755511022044086	200.90131360528474	9.749929286970634
1.7835671342685369	157.7926869774095	9.751053200287622
1.7915831663326651	182.56160856302293	9.752167056214745
1.7995991983967934	173.36852748612318	9.7532709891492
1.8076152304609217	230.50161569992716	9.754365131104194
1.81563126252505	224.90342212933288	9.75544961176157
1.8236472945891782	197.5126051654314	9.756524558523058
1.8316633266533064	171.91557751801443	9.757590096560156
1.8396793587174347	195.35520617983772	9.758646348862726
1.847695390781563	228.18502764812732	9.759693436286314
1.8557114228456912	172.42688939521918	9.760731477598254
1.8637274549098195	211.44784097200747	9.761760589522561
1.8717434869739478	160.11328089008654	9.762780886783707
1.879759519038076	206.62711071949377	9.763792482149235
1.8877755511022043	194.83502622787648	9.76479548647132
1.8957915831663326	166.14920731679643	9.765790008727254
1.9038076152304604	172.69083510451622	9.76677615605893
1.9118236472945886	191.19893983958045	9.7677540338113
1.919839679358717	236.4479572059486	9.768723745569918
1.9278557114228452	194.5287821059821	9.769685393197486
1.9358717434869734	205.54105595386125	9.770639076869546
1.9438877755511017	202.49251117476774	9.77158489510926
1.95190380761523	204.32582255269193	9.772522944821338
1.9599198396793582	226.44348499035365	9.773453321325135
1.9679358717434865	220.70480608599445	9.774376118386947
1.9759519038076148	204.10588280274754	9.775291428251503
1.983967935871743	196.98248445856956	9.77619934167271
1.9919839679358713	222.81965168924754	9.777099947943645
2.0	195.75216436684957	9.777993334925833
