0.01	293.2104979053241	16.6725121008077
0.010301003344481606	371.07091279107345	16.61747287921953
0.010602006688963212	336.7547986631979	16.561638699331763
0.010903010033444816	259.18568768458124	16.504866806068637
0.011204013377926422	316.7045216734746	16.447036146463024
0.011505016722408027	331.828211927834	16.388052617703757
0.011806020066889633	332.1839537400027	16.32749044272518
0.012107023411371237	286.3867386049683	16.265996843685212
0.012408026755852843	283.5703148203686	16.203218921430913
0.012709030100334449	371.2334528282208	16.13914895495454
0.013010033444816054	295.91358470031736	16.073788984217916
0.01331103678929766	336.21649904594585	16.007147233911905
0.013612040133779264	320.25483739527846	15.9392356370947
0.01391304347826087	276.4822383692488	15.870068264002246
0.014214046822742476	321.77109206198105	15.799661046619233
0.01451505016722408	296.81671408032867	15.728030711675856
0.014816053511705687	322.11672190944495	15.655194237054008
0.015117056856187291	332.66478658936103	15.58116884511197
0.015418060200668897	319.3897140895365	15.505549491836797
0.015719063545150503	315.86970496462084	15.42917357289535
0.016020066889632107	282.7578400285788	15.35166092104195
0.016321070234113715	251.61932292742804	15.273029694193594
0.01662207357859532	313.0000258198269	15.193298265056278
0.016923076923076923	241.20317931993515	15.11248521409693
0.01722408026755853	313.5852122630217	15.030609322459359
0.017525083612040134	292.37187358468196	14.9476895648329
0.01782608695652174	300.0903242590865	14.863745102282378
0.018127090301003346	299.4719717258221	14.778795275047987
0.01842809364548495	320.3674472642987	14.692430813683709
0.018729096989966557	315.86478514026373	14.60550464032761
0.01903010033444816	258.1853289482769	14.51763147778601
0.01933110367892977	232.9189475435394	14.428831349978887
0.019632107023411373	313.8794244015305	14.339124427608931
0.019933110367892977	313.2001516343512	14.248531020786443
0.020234113712374584	260.8487185511269	14.157071571649007
0.02053511705685619	316.54874893967957	14.064766646983252
0.020836120401337796	300.26462452215935	13.971636930855524
0.0211371237458194	287.3572919087783	13.877287770836956
0.021438127090301004	238.05143981108745	13.78254897539608
0.021739130434782608	278.206648241918	13.687047650751936
0.022040133779264216	277.2068021602678	13.590804921901501
0.022341137123745823	259.9106435418353	13.493841997438693
0.022642140468227427	285.97621115077936	13.396180162164242
0.02294314381270903	315.9559859657891	13.297840769725864
0.023244147157190635	203.94946171245425	13.198845235294375
0.023545150501672243	301.1951712538477	13.099215028280952
0.02384615384615385	330.44014309898125	12.998570011748109
0.024147157190635454	228.16430806741772	12.897715908761274
0.02444816053511706	212.3240004356317	12.796291604940611
0.024749163879598662	243.78064185934963	12.694318762207741
0.02505016722408027	223.04643520568246	12.591819062895555
0.025351170568561877	201.80560722783133	12.488814202589326
0.02565217391304348	248.87014864865174	12.38532588302658
0.025953177257525085	273.10606074824034	12.281375805059598
0.02625418060200669	274.43472850029514	12.176618649512399
0.026555183946488294	258.84355971349214	12.071794315927626
0.026856187290969905	230.00362506654886	11.96657323371204
0.02715719063545151	253.21760052309642	11.86097707643281
0.027458193979933113	259.74677997166975	11.755027483730743
0.027759197324414717	252.1488565990629	11.64874605452846
0.02806020066889632	191.4656751573323	11.542154340316259
0.02836120401337793	207.32030985877986	11.435273838518633
0.028662207357859536	189.46395355156858	11.327794996427151
0.02896321070234114	243.19107562826832	11.22038874202546
0.029264214046822744	248.65656897418197	11.112757936544547
0.029565217391304348	217.0083660691211	11.00492383824264
0.02986622073578596	239.79090528834982	10.896907619908829
0.030167224080267563	214.04127579619683	10.788730362586447
0.030468227424749167	200.75052965663613	10.68041304938955
0.03076923076923077	197.7751305965086	10.571976559414596
0.031070234113712375	222.8280002056581	10.463149649030996
0.031371237458193986	233.54759713315767	10.354527955847056
0.03167224080267559	256.09728485838474	10.245849300934813
0.031973244147157194	205.64957001805536	10.137134125527922
0.0322742474916388	212.7592478358753	10.028402737854883
0.0325752508361204	206.63625053403175	9.919675307506
0.03287625418060201	223.47169998900048	9.810971859905795
0.03317725752508362	214.5699261584712	9.70231227089192
0.03347826086956522	191.74622518846783	9.593467000603306
0.033779264214046825	201.24206564466482	9.484948406471753
0.03408026755852843	172.68177002878963	9.376532710448906
0.03438127090301004	177.6902148858259	9.268239169753485
0.034682274247491644	208.37706761259764	9.160086866129435
0.03498327759197325	191.3241250906983	9.05209470096368
0.03528428093645485	190.1618757463927	8.944281390518341
0.035585284280936456	174.5575461078638	8.836465884675375
0.03588628762541807	159.49119167050478	8.72906271879368
0.03618729096989967	181.80141144106247	8.621893808418593
0.036488294314381275	155.81414798459386	8.514977110525313
0.03678929765886288	170.2520269600943	8.408330374262112
0.037090301003344484	143.7286472802255	8.301971136782912
0.037391304347826095	147.99100151882453	8.195916719199836
0.0376923076923077	181.1893710027338	8.090184222656228
0.0379933110367893	172.3418737652366	7.984638438177462
0.03829431438127091	163.49450229275294	7.8796001681102315
0.03859531772575251	156.53526083279945	7.774934225574926
0.03889632107023412	149.10533913348146	7.6706568158502195
0.039197324414715726	129.2316635339201	7.566783905615134
0.03949832775919733	153.7196739510027	7.463331219672428
0.039799331103678934	133.04481850128175	7.36031423779545
0.04010033444816054	163.80963877847722	7.257644624661873
0.04040133779264214	128.45799595885418	7.155546691890405
0.04070234113712375	114.89577085279369	7.053929872835129
0.04100334448160536	160.4288141598122	6.9528086541517515
0.04130434782608696	141.3100680019783	6.852197262674821
0.04160535117056857	110.6862012129805	6.752109662944611
0.041906354515050176	160.33692150440743	6.652559554858303
0.04220735785953178	128.7992241853019	6.553503305160423
0.042508361204013384	113.43042429415785	6.455072317988779
0.04280936454849499	126.85746251801521	6.357218778963939
0.04311036789297659	132.93489745543056	6.259955320023624
0.0434113712374582	121.43442532692652	6.163294297667029
0.04371237458193981	123.93060491457197	6.067247791299789
0.04401337792642141	112.23400213973973	5.971827601701983
0.044314381270903015	103.19930092787915	5.877045249618169
0.04461538461538462	103.62110316886847	5.782904869662865
0.04491638795986623	125.83785686695754	5.689437790616522
0.045217391304347834	112.29914768728018	5.596641876794678
0.04551839464882944	116.80964053891284	5.504527523820954
0.04581939799331104	102.2344985178148	5.413104841114812
0.046120401337792646	94.70840091445335	5.322383651170784
0.04642140468227426	105.71052907181516	5.232373488955919
0.04672240802675586	82.91074538396666	5.143119477789349
0.047023411371237465	115.39102338615727	5.054566260691122
0.04732441471571907	92.15378011166648	4.966751375031338
0.047625418060200674	111.51061053830193	4.879683205109568
0.047926421404682285	103.81996120770911	4.793369845539334
0.04822742474916389	104.32384706732465	4.7078191013159225
0.04852842809364549	95.52333699726086	4.623038487996285
0.0488294314381271	82.84624903555851	4.539110859975644
0.0491304347826087	80.45368388177658	4.455900306183573
0.04943143812709031	88.81846209143606	4.373481087482111
0.049732441471571916	87.69135197577287	4.291859565727753
0.05003344481605352	82.68328771054406	4.211041815054185
0.050334448160535124	73.15151371499591	4.13103362268968
0.05063545150501673	85.91406736002233	4.051840489878618
0.05093645484949834	71.71015807719019	3.9735794189911773
0.05123745819397994	73.80280572923466	3.8960408552701953
0.05153846153846155	75.8819919367813	3.8193324969148046
0.05183946488294315	83.61171941236162	3.7434587099341905
0.052140468227424755	84.64345939389767	3.6684235797246085
0.052441471571906366	75.18332758077642	3.5942309125827396
0.05274247491638797	86.90953576562477	3.520884237313407
0.053043478260869574	67.64987816351511	3.448530814689553
0.05334448160535118	67.84168970746325	3.376895095017635
0.05364548494983278	61.33240179739771	3.3061146058991735
0.05394648829431439	68.25549845805465	3.236191779410628
0.054247491638796	73.83150475341218	3.1671287788706337
0.0545484949832776	66.32790709204524	3.098927500982648
0.054849498327759205	66.84127440062689	3.0315895780607125
0.05515050167224081	58.375052305990636	2.9652883745116343
0.05545150501672241	62.76927419000489	2.8996906454712192
0.055752508361204024	50.81815612000954	2.834959855510024
0.05605351170568563	58.07878633073999	2.7710965969175785
0.05635451505016723	44.05891541084225	2.7081012093352985
0.056655518394648836	49.235533366460686	2.6459737824508927
0.05695652173913044	51.05138500951357	2.5847141587634686
0.05725752508361205	56.82649508369127	2.5245174451236787
0.057558528428093655	53.92622007622794	2.465001527668392
0.05785953177257526	54.39651106848454	2.4063516861687315
0.058160535117056864	47.12635350534752	2.348566795829062
0.05846153846153847	47.07433381234586	2.291645499005971
0.05876254180602008	39.90934401044311	2.2355862083683293
0.05906354515050168	35.71896292111241	2.1803871101147343
0.05936454849498329	39.8879514904142	2.1262605577266425
0.05966555183946489	41.27362790766741	2.0727847681859948
0.059966555183946495	36.20056907169451	2.020162554076599
0.060267558528428106	43.54268438211112	1.9683912206281802
0.06056856187290971	41.5541931628568	1.9174678630933593
0.060869565217391314	41.46216105955771	1.8673893702810742
0.06117056856187292	37.07966862717386	1.8181524281336203
0.06147157190635452	33.078232312111425	1.7699820869052325
0.06177257525083613	29.41249290010882	1.7224262958242367
0.06207357859531774	35.61921994360092	1.6757010354183866
0.06237458193979934	28.743817943109732	1.6298022079661818
0.06267558528428094	34.00995927437854	1.5847255310512238
0.06297658862876254	28.02263601102378	1.5404665413731504
0.06327759197324416	26.80049881830524	1.4970205985881375
0.06357859531772576	28.044525174712508	1.4546209311688783
0.06387959866220737	29.088766327104697	1.412794640380208
0.06418060200668897	24.45642757785074	1.371766510973559
0.06448160535117058	28.811384224430235	1.3315312244953077
0.06478260869565218	30.035539705881163	1.2920833048115408
0.06508361204013378	28.84578677928217	1.2534171220994632
0.06538461538461539	24.26224848304503	1.2155268968544952
0.06568561872909699	21.30843485667888	1.178649634888153
0.0659866220735786	21.745022194375466	1.142300841302234
0.06628762541806021	26.3495029557092	1.1067098279152467
0.06658862876254182	20.871942350351162	1.0718702481453553
0.06688963210702342	20.729986490920684	1.0377756257957358
0.06719063545150503	20.472123325748704	1.004419359130721
0.06749163879598663	18.93384990184488	0.9717947249542267
0.06779264214046823	19.64775483385841	0.9401383071642555
0.06809364548494984	17.20043724851452	0.90896291617551
0.06839464882943144	18.471654366487783	0.8784982840519739
0.06869565217391305	18.43595224912507	0.848737234292078
0.06899665551839465	16.549485183180032	0.8196724892280829
0.06929765886287625	14.946237455236236	0.7912966740948096
0.06959866220735787	18.421543541439068	0.7636023210880363
0.06989966555183948	14.125530474366874	0.7368216730212762
0.07020066889632108	11.493232365917143	0.7104732250265355
0.07050167224080268	10.352322287882103	0.6847832719558726
0.07080267558528429	13.772708815432003	0.6597440065691266
0.07110367892976589	12.4423351488819	0.6353475486555353
0.0714046822742475	12.511177711580226	0.6115859490086194
0.0717056856187291	10.487144116007432	0.5884511933791108
0.0720066889632107	10.39371513002981	0.5661676146953526
0.07230769230769231	11.030628380683593	0.5442670946970732
0.07260869565217391	10.711766801476056	0.5229689545069592
0.07290969899665552	9.97009717854039	0.5022649519245519
0.07321070234113713	10.747420801867346	0.48214679912910424
0.07351170568561874	9.964251277185141	0.4626061664817007
0.07381270903010034	8.235610209954016	0.4436346862950371
0.07411371237458195	8.59776758052913	0.4254456230982775
0.07441471571906355	8.489639623455371	0.40759113526309704
0.07471571906354516	7.295755410480507	0.39028041645308553
0.07501672240802676	7.623648435797225	0.3735049778596702
0.07531772575250836	7.7204119891555685	0.3572563110241749
0.07561872909698997	6.140241979783884	0.3415258913973165
0.07591973244147157	7.7684402788536016	0.3263051818574311
0.07622073578595318	5.888800904049641	0.3117936781381221
0.0765217391304348	6.972382075709136	0.2975697839120135
0.0768227424749164	5.12454810845155	0.28382984476286377
0.077123745819398	5.060247674656624	0.27056530261052897
0.0774247491638796	5.685695271481723	0.2577676038472844
0.07772575250836121	3.694952078839888	0.2454282025951606
0.07802675585284281	4.909049851600611	0.23353856391463115
0.07832775919732442	4.615308305887624	0.22228220701394005
0.07862876254180602	3.59369324328105	0.21126874626187933
0.07892976588628763	4.087706262197769	0.20067942914888787
0.07923076923076923	3.380829091992126	0.190505791553868
0.07953177257525085	3.941578791675391	0.1807393957106902
0.07983277591973245	3.741393332635558	0.17137183311501658
0.08013377926421406	2.663533911304043	0.1625673879475268
0.08043478260869566	3.1053720912057314	0.15397392670869384
0.08073578595317726	2.9525940452936945	0.14575416556946547
0.08103678929765887	2.7169872809812405	0.1378998378417495
0.08133779264214047	2.6895241321696273	0.13040271994565056
0.08163879598662208	2.483490273916014	0.12325463398712076
0.08193979933110368	2.1028478416627783	0.11644745027765174
0.08224080267558528	2.0953579645467006	0.11012729420255779
0.0825418060200669	2.404923898183661	0.10397855502492459
0.0828428093645485	1.9954655457756865	0.0981465309146069
0.08314381270903011	1.6394320573933594	0.09262330673429997
0.08344481605351171	1.7233986592185564	0.08740102741519679
0.08374581939799332	1.6591842140388058	0.08247190012539023
0.08404682274247492	1.462543608747175	0.07782819637773725
0.08434782608695653	1.6347503850345593	0.07359714126999713
0.08464882943143813	1.475747305875406	0.06950156767185804
0.08494983277591973	1.3733779067947138	0.06566853026786304
0.08525083612040134	1.3042401312696243	0.06209057636693808
0.08555183946488296	1.0867110272176872	0.05876032739739541
0.08585284280936456	1.1373191097061688	0.055670480651526855
0.08615384615384616	0.9449337351569183	0.05281381096872624
0.08645484949832777	1.1136574571399327	0.05029838616795538
0.08675585284280937	0.8588682003963563	0.0478863810318354
0.08705685618729098	0.9086719085527336	0.045686260846091994
0.08735785953177258	0.6483923190446688	0.0436911312483394
0.08765886287625418	0.8141013509410749	0.04189418568282324
0.08795986622073579	0.7313439994921322	0.04028870733227454
0.08826086956521739	0.8179178310971325	0.03886807108260091
0.088561872909699	0.7599031102907131	0.037721544000395735
0.08886287625418061	0.699319858969493	0.03665037488065353
0.08916387959866222	0.6211658463091587	0.03574466300736059
0.08946488294314382	0.734994018823896	0.034998172029936346
0.08976588628762543	0.7418439431667386	0.03440476802160263
0.09006688963210703	0.7841039486814341	0.033958421753931725
0.09036789297658863	0.7081726971795941	0.03365321102812286
0.09066889632107024	0.6796008525044208	0.03356078112801217
0.09096989966555184	0.6296634146568655	0.033519555658092344
0.09127090301003345	0.6642952467437087	0.033602304705427286
0.09157190635451505	0.5878749412287463	0.03380356047857703
0.09187290969899667	0.6416607116078391	0.03411797463107246
0.09217391304347827	0.6780704637114984	0.034540320749106714
0.09247491638795988	0.5867645232347652	0.035127324572445065
0.09277591973244148	0.7875906971086435	0.03574932926812954
0.09307692307692308	0.6501779237959356	0.036464298979103665
0.09337792642140469	0.6144709950730068	0.037267521260726036
0.09367892976588629	0.7623292086815205	0.03815441724848095
0.0939799331103679	0.7360214302176535	0.03912054360569922
0.0942809364548495	0.7543687934709824	0.04016159428988057
0.0945819397993311	0.8904084288064403	0.041320691952658216
0.09488294314381272	0.8432612126677996	0.04249818479236952
0.09518394648829433	0.8190826033377131	0.04373849600163206
0.09548494983277593	0.8685109613760176	0.04503788418499333
0.09578595317725754	1.0547880048199583	0.04639275051122173
0.09608695652173914	0.9160239897372677	0.04779963887489522
0.09638795986622074	0.9397265943055115	0.049255235727944324
0.09668896321070235	0.8919791025007131	0.05079135910852661
0.09698996655518395	1.0805792515820856	0.05233402107289771
0.09729096989966556	0.8486869396549261	0.053916288462369635
0.09759197324414716	1.0493619817774587	0.055535411577595485
0.09789297658862878	1.217769337998189	0.05718877728246752
0.09819397993311038	1.094885929952938	0.0588739067792232
0.09849498327759199	1.2136009572244175	0.06058845306649511
0.09879598662207359	1.0310750145995855	0.06235519353590159
0.0990969899665552	1.2211974757970447	0.0641211912130386
0.0993979933110368	1.195291028291016	0.06591032628281952
0.0996989966555184	1.4351160932279872	0.06772074961342144
0.1	1.1637965003366926	0.06955072705269348
