0.08	3.0225001555936575	0.15797132144241788
0.08307692307692308	2.448094676006464	0.11512120557073227
0.08615384615384615	1.8207015241330147	0.08391072950019135
0.08923076923076922	1.2494193569038856	0.06490597670019395
0.09230769230769231	1.2953641245363663	0.05707678165223169
0.09538461538461539	1.0891312408628904	0.05813541869700894
0.09846153846153846	1.4781588209188365	0.06514929925458793
0.10153846153846154	1.598256165051761	0.07533264694813487
0.10461538461538461	1.6515762132516754	0.08561446103350248
0.1076923076923077	1.8504774152571657	0.09433754189612943
0.11076923076923077	1.9046435471648961	0.10023581974587695
0.11384615384615385	2.1220335127726084	0.10266039437439121
0.11692307692307692	2.1033096748369995	0.10149500894073152
0.12	1.9740433929365386	0.09703437352908592
0.12307692307692308	2.02170575976391	0.08985427876334383
0.12615384615384617	1.7937067055956324	0.08069289167628996
0.12923076923076923	1.3634890388039769	0.07034805672554396
0.1323076923076923	1.2535213490713186	0.05954552024495922
0.13538461538461538	0.7230030948400921	0.049116407246111445
0.13846153846153847	0.8157693160469178	0.039523661985989327
0.14153846153846156	0.5855882405634513	0.031168515390084934
0.14461538461538462	0.46189599867923836	0.024294330693873222
0.14769230769230768	0.4112684431312126	0.01899493927015755
0.15076923076923077	0.29370097513042126	0.015233549442733613
0.15384615384615385	0.26854626808759996	0.01286870830914255
0.15692307692307694	0.21383887696001277	0.011683945723220554
0.16	0.2211307649353701	0.011486155292970193
0.16307692307692306	0.26005872868874347	0.011848739734635627
0.16615384615384615	0.24182357219035228	0.012580035848198043
0.16923076923076924	0.3012169188264916	0.01344076139915868
0.17230769230769233	0.2837701780152725	0.014233863631211569
0.1753846153846154	0.30221287164851995	0.014812455357267947
0.17846153846153845	0.25639891011342636	0.015082297085589023
0.18153846153846154	0.28530068754976473	0.014999575575248784
0.18461538461538463	0.3322982169264218	0.01454349582472512
0.1876923076923077	0.2632385624823037	0.013792133899180277
0.19076923076923077	0.2572099663336702	0.012790826502134875
0.19384615384615383	0.2234129174467961	0.011617782247792623
0.19692307692307692	0.2023225497573043	0.010356788944073103
0.2	0.20975685692019758	0.009088663004664228
0.2030769230769231	0.1624366708503488	0.00788445846025383
0.20615384615384613	0.15549961430078385	0.006800700403407566
0.20923076923076922	0.11194677823719469	0.005883927554382605
0.2123076923076923	0.11863790550321193	0.005144360316009674
0.2153846153846154	0.10399845254430427	0.0045895016122849235
0.21846153846153848	0.07277741717315456	0.004208697300823322
0.22153846153846152	0.07862548071815498	0.003979816666270582
0.2246153846153846	0.06192453727641284	0.0038729215020920473
0.2276923076923077	0.0755267686782265	0.003854015071213736
0.23076923076923078	0.06760938017793403	0.003888535220413953
0.23384615384615387	0.08312621769727974	0.003948938715900343
0.2369230769230769	0.08019641597846054	0.0039969030320797854
0.24	0.08431104131531951	0.00401734303187226
0.24307692307692308	0.08597075981485919	0.003996174821170419
0.24615384615384617	0.0854792127081668	0.0039262990879609235
0.24923076923076926	0.07663231761554715	0.003807006637876666
0.2523076923076923	0.06447114548907484	0.00364293094540946
0.2553846153846154	0.0704512902638202	0.0034427115604863025
0.25846153846153846	0.06984119024937806	0.003215583185959393
0.26153846153846155	0.06764307245985006	0.0029778898198440373
0.26461538461538464	0.05938814445477916	0.002739847869815463
0.2676923076923077	0.04960539804562238	0.0025122287046162456
0.27076923076923076	0.04349805226810528	0.0023037319433438174
0.27384615384615385	0.03654103552800003	0.0021205183180796785
0.27692307692307694	0.041432712111970416	0.001966043405819446
0.28	0.038112613200960904	0.00184213049336176
0.28307692307692306	0.038219569175255555	0.0017458097079858421
0.28615384615384615	0.03333316821572416	0.0016743058955446524
0.28923076923076924	0.036830489789897086	0.0016230545363906312
0.2923076923076923	0.03297031775117407	0.001586808058249384
0.2953846153846154	0.02826585705197865	0.0015601841136735136
0.29846153846153844	0.03516527323369448	0.0015381387671097825
0.30153846153846153	0.03557710212294467	0.001517535159337514
0.3046153846153846	0.03274207162606107	0.0014924637091888989
0.3076923076923077	0.02811148471320456	0.0014618897531300911
0.3107692307692308	0.03142342563454287	0.0014246205620143085
0.31384615384615383	0.03424249809932933	0.0013804735904545597
0.3169230769230769	0.02794347517252252	0.001330115524633393
0.32	0.03109538816301333	0.0012748535722213747
0.3230769230769231	0.02419610071812174	0.0012164051080377565
0.3261538461538462	0.021331249038066047	0.0011565584670044937
0.3292307692307692	0.020726863708572386	0.0010973265709861195
0.3323076923076923	0.019777774176762287	0.0010404081285787662
0.3353846153846154	0.020407158787988714	0.0009871696366913314
0.3384615384615385	0.01812220303908182	0.0009385792261433409
0.34153846153846157	0.015431453222623367	0.0008951789818385036
0.34461538461538466	0.020416733673686318	0.0008570998365360412
0.3476923076923077	0.014984746699562252	0.0008241575151570513
0.3507692307692308	0.01587985358989566	0.0007958424034680494
0.35384615384615387	0.01721010843976695	0.0007713823223351894
0.35692307692307695	0.015171201081770797	0.0007499350132838616
0.36000000000000004	0.014788675481653515	0.0007306336644966401
0.3630769230769231	0.011914899293185644	0.0007126618950145835
0.36615384615384616	0.011607663874151204	0.0006953121883360603
0.36923076923076925	0.01225010924442116	0.0006784221292034065
0.37230769230769234	0.012568596549490812	0.0006608135628858114
0.37538461538461537	0.012523396662418196	0.0006426339923004044
0.37846153846153846	0.013574986754475014	0.0006238219786607387
0.38153846153846155	0.010941554145141459	0.0006044508798579547
0.38461538461538464	0.011491309641497978	0.0005846965637348887
0.3876923076923077	0.00933240638194369	0.0005648016610823572
0.39076923076923076	0.011944771214847522	0.0005451508233631635
0.39384615384615385	0.012262309050354643	0.0005257492568755481
0.39692307692307693	0.010677444499932277	0.0005070055746058877
0.4	0.011286465916502147	0.0004891228920169674
0.4030769230769231	0.009587367228549111	0.00047224485652231713
0.40615384615384614	0.010189210947381835	0.0004564508510207787
0.40923076923076923	0.009480761795040508	0.00044175779786747384
0.4123076923076923	0.008444682606482281	0.00042812195751454124
0.4153846153846154	0.009547042885103472	0.0004154877941000818
0.4184615384615385	0.007676432319289695	0.00040372656436910373
0.42153846153846153	0.007581679083184699	0.00039270415298975196
0.4246153846153846	0.005990326534051296	0.0003822813245149307
0.4276923076923077	0.008013480292061045	0.0003723252433500401
0.4307692307692308	0.008504433415165373	0.0003627185465309612
0.4338461538461539	0.00679318615786371	0.00035347866999366917
0.4369230769230769	0.00574573914955179	0.0003443236322839228
0.44	0.006354379890166613	0.0003353013897178263
0.4430769230769231	0.006323085514936732	0.0003263900147191647
0.4461538461538462	0.00622373041238565	0.0003175885599997364
0.44923076923076927	0.006532729795955247	0.0003089124251985828
0.4523076923076923	0.005897601037820696	0.0003003881238862146
0.4553846153846154	0.0058371398994050755	0.0002921337159350026
0.4584615384615385	0.0046938866557429005	0.0002840001551997438
0.46153846153846156	0.005764313591060304	0.0002761131708985355
0.46461538461538465	0.004750788695217839	0.0002684982568223197
0.4676923076923077	0.005733171843724051	0.00026117289940797117
0.4707692307692308	0.004840093015796284	0.00025414562760645883
0.47384615384615386	0.004766812843597847	0.00024741605349873954
0.47692307692307695	0.004505671200642591	0.0002409967106180164
0.48000000000000004	0.004284499164947429	0.0002348286824775882
0.48307692307692307	0.005154017555864988	0.00022891761372461933
0.48615384615384616	0.004525874667794164	0.0002232407939928345
0.48923076923076925	0.00394706750087252	0.00021777438024469555
0.49230769230769234	0.004357545243873084	0.00021249511879446772
0.4953846153846154	0.004300631480241475	0.00020738174763808978
0.49846153846153846	0.0038527337024196564	0.00020244916354542552
0.5015384615384615	0.0042588055963680305	0.00019762238388151062
0.5046153846153846	0.004035823083028571	0.00019291742631724943
0.5076923076923077	0.003646625478603886	0.00018832655800538352
0.5107692307692308	0.0032536624472357225	0.00018384532841149903
0.5138461538461538	0.003559619036849583	0.00017947197337950176
0.5169230769230769	0.003581351876328301	0.00017520669953178684
0.52	0.002788080421541543	0.00017109455858951083
0.5230769230769231	0.003615365203362278	0.00016704978125103585
0.5261538461538462	0.003276967472806688	0.00016311712189367685
0.5292307692307692	0.0036384412964947273	0.0001592979417719163
0.5323076923076923	0.002766962380605419	0.00015559270712585895
0.5353846153846153	0.003246231850116947	0.0001520007750506249
0.5384615384615384	0.0030862305744898556	0.00014854642834133934
0.5415384615384615	0.0032987924146539813	0.0001451720572387014
0.5446153846153846	0.0026316131836158605	0.0001419025697358218
0.5476923076923077	0.003017156424772858	0.00013873355323478818
0.5507692307692308	0.0029378306382613754	0.00013566008505845386
0.5538461538461539	0.0024742326210255776	0.0001326769969679728
0.556923076923077	0.0022059066282072814	0.00012977912853568677
0.5599999999999999	0.002317165202844621	0.00012697641063996693
0.563076923076923	0.0029940442860329278	0.00012423540902906937
0.5661538461538461	0.0023439820018339025	0.00012156663389533859
0.5692307692307692	0.0026076509610045836	0.00011896655632437925
0.5723076923076923	0.0025714659943863972	0.00011643221986831629
0.5753846153846154	0.0025675394008755053	0.00011396121798384819
0.5784615384615385	0.002194028025625994	0.0001115516346208101
0.5815384615384614	0.002088201276671299	0.00010922116788835647
0.5846153846153845	0.002055880403206573	0.00010693136915619626
0.5876923076923076	0.001983686582216167	0.00010469896562722914
0.5907692307692307	0.0019578000556126902	0.00010252298103210881
0.5938461538461538	0.0020679921663867185	0.00010040247687113582
0.5969230769230769	0.001693025275118277	9.83364812509087e-05
0.6	0.0016594256637075713	9.632393593142147e-05
0.6030769230769231	0.00181482302169345	9.438081255698645e-05
0.6061538461538462	0.0013399001218899484	9.247095512886872e-05
0.6092307692307692	0.0017437293601509755	9.061049589254112e-05
0.6123076923076922	0.0015658411737992386	8.87979617114281e-05
0.6153846153846153	0.0019191975933606712	8.703180053723913e-05
0.6184615384615384	0.001734895639274724	8.531041160839842e-05
0.6215384615384615	0.001772751098952878	8.3632179411964e-05
0.6246153846153846	0.0015080814239931358	8.200657289485664e-05
0.6276923076923077	0.0016862617447401115	8.040976118743895e-05
0.6307692307692307	0.0016042146360399142	7.885166495851114e-05
0.6338461538461538	0.0017322963580914967	7.73309151590917e-05
0.6369230769230769	0.0017074537099374587	7.584623835464695e-05
0.64	0.0017783442169264302	7.439646373360533e-05
0.643076923076923	0.0012567565825911764	7.298052376859591e-05
0.6461538461538461	0.0014681623143709994	7.160764992581592e-05
0.6492307692307692	0.001099694378748524	7.025701695577642e-05
0.6523076923076923	0.0013453365163424754	6.893755338456615e-05
0.6553846153846153	0.0014454502494511974	6.764847898365584e-05
0.6584615384615384	0.0011562432463672638	6.63890617145425e-05
0.6615384615384615	0.0012801466062936527	6.515860419317543e-05
0.6646153846153846	0.001466686305709695	6.396636997940036e-05
0.6676923076923077	0.0012885216343978695	6.279194958868147e-05
0.6707692307692307	0.0012909085144296932	6.16444051785364e-05
0.6738461538461538	0.0011419973185935412	6.052307629650525e-05
0.6769230769230768	0.0011900902650706288	5.942730185755441e-05
0.6799999999999999	0.0009881143834243255	5.8356418224509584e-05
0.683076923076923	0.0009410536671370691	5.730975936629257e-05
0.6861538461538461	0.0010130102363736628	5.629470308573928e-05
0.6892307692307692	0.0011288919236390445	5.529437767353492e-05
0.6923076923076923	0.0012413871696952245	5.431630061662915e-05
0.6953846153846154	0.0010082866706248644	5.335984210254474e-05
0.6984615384615385	0.0011653579568401704	5.242438648838798e-05
0.7015384615384614	0.0012524124837372907	5.1509336030991895e-05
0.7046153846153845	0.0011325886739280075	5.0614114220651404e-05
0.7076923076923076	0.0008912319190926393	4.974461045545366e-05
0.7107692307692307	0.0009101064808737834	4.8887485178353664e-05
0.7138461538461538	0.0009046562044832648	4.8048637474292454e-05
0.7169230769230769	0.0008907582035874842	4.7227586429634535e-05
0.72	0.0007614611306780955	4.642387449733288e-05
0.7230769230769231	0.0009436249985273607	4.563706635937035e-05
0.7261538461538461	0.0008203984694564793	4.486674716483674e-05
0.7292307692307692	0.0008181185328493022	4.411851486493053e-05
0.7323076923076922	0.000908679027490423	4.3380108393287016e-05
0.7353846153846153	0.0007572606500834529	4.265702915378941e-05
0.7384615384615384	0.0006658066892328044	4.194891577897987e-05
0.7415384615384615	0.0008573872438672692	4.125541696031458e-05
0.7446153846153846	0.0007241855939414384	4.057618958901843e-05
0.7476923076923077	0.0007058379373702263	3.9916234802871606e-05
0.7507692307692307	0.000808490853264385	3.926456241602566e-05
0.7538461538461538	0.0008655806801630217	3.862615391178753e-05
0.7569230769230769	0.0006516497670369337	3.8000691244309956e-05
0.76	0.0007932313372853515	3.738786159803721e-05
0.763076923076923	0.0007035201936928293	3.6787357458217105e-05
0.7661538461538461	0.000537653390905735	3.6198876952323206e-05
0.7692307692307692	0.0007398692218597505	3.5626611303569106e-05
0.7723076923076923	0.0007858382481452749	3.5061298039812206e-05
0.7753846153846153	0.0006038537531165067	3.450714921166389e-05
0.7784615384615384	0.0007307289767038466	3.3963893113525586e-05
0.7815384615384615	0.0006444654149732956	3.343126590680486e-05
0.7846153846153846	0.0006683653968194815	3.290901200725801e-05
0.7876923076923077	0.0007297706769480128	3.23968843352145e-05
0.7907692307692308	0.000530488474700075	3.189855770524223e-05
0.7938461538461538	0.0005234058206585244	3.14060169799473e-05
0.7969230769230768	0.0004916796748315167	3.0922914500198644e-05
0.7999999999999999	0.0005919875864640001	3.044903428333239e-05
0.803076923076923	0.00047134247339625755	2.9984167574822592e-05
0.8061538461538461	0.0006100560016402879	2.9528112364391543e-05
0.8092307692307692	0.0005563830584233015	2.9080672833225996e-05
0.8123076923076923	0.0006623982071866944	2.864520867890955e-05
0.8153846153846154	0.0005767597252190118	2.8214464227737124e-05
0.8184615384615385	0.0004778269403416448	2.7791774321313637e-05
0.8215384615384616	0.0005397404084814096	2.737696230057992e-05
0.8246153846153845	0.0005822163897040279	2.6969855545160696e-05
0.8276923076923076	0.0005792754936535573	2.6570285151906185e-05
0.8307692307692307	0.0005005476391789643	2.6181207907874167e-05
0.8338461538461538	0.00044931385843595455	2.579622805472669e-05
0.8369230769230769	0.00047368956578936394	2.541829653352965e-05
0.84	0.0005440069128656167	2.5047258723241052e-05
0.8430769230769231	0.00039800289653913476	2.4682963317535287e-05
0.8461538461538461	0.00041848405209358834	2.4325262363944855e-05
0.8492307692307692	0.0005619060325715112	2.39740113341491e-05
0.8523076923076923	0.0005507530990889965	2.363180106099068e-05
0.8553846153846153	0.00042628250573839127	2.329304395929263e-05
0.8584615384615384	0.0004297324316706279	2.2960325925827746e-05
0.8615384615384615	0.0005010890497171948	2.263351677665392e-05
0.8646153846153846	0.00035897682776863	2.2312489841492945e-05
0.8676923076923077	0.0005093976732714425	2.1997121942552196e-05
0.8707692307692307	0.00045608442205668517	2.168729333794351e-05
0.8738461538461538	0.00046579946082010097	2.1385327026694434e-05
0.8769230769230769	0.0003863053979943983	2.108624419539798e-05
0.88	0.00043453826975393245	2.079235600733042e-05
0.883076923076923	0.00036612545851083864	2.0503552962355944e-05
0.8861538461538461	0.00044977639844869996	2.0219727888728367e-05
0.8892307692307692	0.0003325429363621709	1.994077571152457e-05
0.8923076923076922	0.00038969725982477416	1.9666593215028045e-05
0.8953846153846153	0.00039684718903798473	1.9399239827565147e-05
0.8984615384615384	0.0003738911374856407	1.9134297315130696e-05
0.9015384615384615	0.0003811184889574471	1.8873821482906473e-05
0.9046153846153846	0.0003862031389896925	1.861771439190778e-05
0.9076923076923077	0.0003958043838723711	1.836587896242917e-05
0.9107692307692308	0.00031125369451146374	1.8118218800979205e-05
0.9138461538461538	0.00035724579594216907	1.787649615208101e-05
0.9169230769230768	0.00036475704311982466	1.7636895324222515e-05
0.9199999999999999	0.0003775649522005919	1.740118193813203e-05
0.923076923076923	0.00038628787070359605	1.7169261100182156e-05
0.9261538461538461	0.0003659317045572561	1.694103797664249e-05
0.9292307692307692	0.00033953510614106856	1.671641771146596e-05
0.9323076923076923	0.0003281133246170699	1.649530535825125e-05
0.9353846153846154	0.00031077013742508296	1.6279166634635487e-05
0.9384615384615385	0.0003056024097285822	1.6064775861244802e-05
0.9415384615384615	0.0002717632292392232	1.5853606077346183e-05
0.9446153846153845	0.00028622091021845156	1.5645561467207234e-05
0.9476923076923076	0.0003270771258861134	1.544054595758001e-05
0.9507692307692307	0.0003224425470333235	1.5238463234747196e-05
0.9538461538461538	0.000294807379890406	1.5039216777193069e-05
0.9569230769230769	0.0003231893703965127	1.4843989630954695e-05
0.96	0.00031792654935601245	1.4650111870316318e-05
0.963076923076923	0.0003128583318019005	1.4458778773612976e-05
0.9661538461538461	0.00023777378344142102	1.426989361868132e-05
0.9692307692307692	0.0003065883525303268	1.4083359920319072e-05
0.9723076923076923	0.0002696302264750394	1.3899081569486907e-05
0.9753846153846153	0.0002692474392444115	1.371696298734716e-05
0.9784615384615384	0.00027847469815757376	1.3537918068379373e-05
0.9815384615384615	0.0002680880535498038	1.3359816585549171e-05
0.9846153846153846	0.00026060401498408017	1.3183591912440253e-05
0.9876923076923076	0.00022217367547070591	1.3009152421068697e-05
0.9907692307692307	0.00021234883380522485	1.2836407939841223e-05
0.9938461538461538	0.00027458225116837114	1.2665269944404115e-05
0.9969230769230769	0.0002310131940422249	1.249642608381087e-05
1.0	0.00026565052301245553	1.2328222826069402e-05
