-3.0	21.17224714250696	0.9973976000000002
-2.9393939393939394	19.718912365800488	0.9711984448117541
-2.878787878787879	18.81512542958723	0.9454106762167127
-2.8181818181818183	17.989638637463923	0.9200342942148763
-2.757575757575758	18.957677357497467	0.8950692988062445
-2.696969696969697	16.045262240809574	0.8705156899908174
-2.6363636363636362	16.90997650367581	0.8463734677685952
-2.5757575757575757	15.535151509532533	0.8226426321395778
-2.515151515151515	15.479833407628343	0.7993231831037652
-2.4545454545454546	15.110702666271813	0.7764151206611571
-2.393939393939394	14.825479654566161	0.7539184448117542
-2.333333333333333	15.716271697252955	0.7318331555555556
-2.2727272727272725	13.30364063937001	0.710159252892562
-2.212121212121212	13.864944956344615	0.6888967368227733
-2.1515151515151514	14.294262693800631	0.6680456073461892
-2.090909090909091	12.894669716700484	0.64760586446281
-2.0303030303030303	13.25482897849163	0.6275775081726356
-1.9696969696969697	11.932763824000448	0.6079605384756659
-1.9090909090909092	11.565963195293092	0.5887549553719009
-1.8484848484848484	10.839470380505986	0.5699607588613407
-1.7878787878787878	10.310665646667383	0.5515779489439854
-1.7272727272727273	11.070491562211593	0.5336065256198348
-1.6666666666666665	9.505344961420505	0.5160464888888889
-1.606060606060606	10.173225447625642	0.49889783875114785
-1.5454545454545454	9.240311654842978	0.4821605752066116
-1.4848484848484849	9.206754146148592	0.4658346982552802
-1.4242424242424243	8.821386527362181	0.44992020789715337
-1.3636363636363635	8.421924671963273	0.4344171041322314
-1.303030303030303	8.004935872825302	0.41932538696051425
-1.2424242424242424	7.799121985240523	0.4046450563820019
-1.1818181818181817	7.5270564884737485	0.39037611239669423
-1.121212121212121	7.326648802388249	0.3765185550045914
-1.0606060606060606	7.261639393918534	0.3630723842056933
-1.0	6.864296710132504	0.35003760000000006
-0.9393939393939394	7.287620131360754	0.3374142023875115
-0.8787878787878789	6.074664057079111	0.3252021913682278
-0.8181818181818183	7.0124484057939975	0.3134015669421488
-0.7575757575757573	5.714530009927216	0.30201232910927456
-0.6969696969696968	5.401735536761804	0.2910344778696052
-0.6363636363636362	6.361645274218425	0.28046801322314047
-0.5757575757575757	5.339317001441685	0.2703129351698807
-0.5151515151515151	5.391590726645774	0.2605692437098256
-0.4545454545454546	4.803988070363153	0.25123693884297527
-0.39393939393939403	4.320022203551499	0.2423160205693297
-0.33333333333333304	4.841132507794701	0.23380648888888889
-0.2727272727272725	4.113956154019816	0.22570834380165286
-0.21212121212121193	4.612862013575491	0.2180215853076217
-0.15151515151515138	4.323433032903823	0.21074621340679522
-0.09090909090909083	3.787507929507285	0.20388222809917356
-0.030303030303030276	3.955665265330072	0.19742962938475667
0.030303030303030276	3.7752458181562725	0.19138841726354455
0.09090909090909083	3.619126431010687	0.18575859173553722
0.15151515151515138	3.7427204157962977	0.18054015280073465
0.21212121212121238	3.49537531601742	0.17573310045913682
0.27272727272727293	3.4990840421224445	0.1713374347107438
0.3333333333333335	3.1256129104232504	0.16735315555555555
0.39393939393939403	3.0885173347374164	0.1637802629935721
0.4545454545454546	3.1509069443508078	0.1606187570247934
0.5151515151515151	3.2057489940770223	0.1578686376492195
0.5757575757575757	3.0768367324259205	0.15552990486685034
0.6363636363636367	3.184586469867873	0.15360255867768596
0.6969696969696972	2.730841022057323	0.15208659908172636
0.7575757575757578	3.014765239390169	0.15098202607897154
0.8181818181818183	3.1147959996898096	0.1502888396694215
0.8787878787878789	2.945350118951263	0.15000703985307623
0.9393939393939394	3.0399203127279804	0.15013662662993574
1.0	2.8271208679085147	0.1506776
1.0606060606060606	2.826951006561773	0.15162995996326906
1.121212121212121	2.9948634537850096	0.1529937065197429
1.1818181818181817	3.285375129300075	0.15476883966942148
1.2424242424242422	3.2678671192601483	0.15695535941230487
1.3030303030303028	3.1592799001608074	0.15955326574839301
1.3636363636363633	3.414829641180048	0.16256255867768596
1.4242424242424248	3.3221565641160358	0.16598323820018368
1.4848484848484853	3.2167102773658427	0.16981530431588618
1.5454545454545459	3.517589948702017	0.17405875702479345
1.6060606060606064	3.804339357718189	0.17871359632690545
1.666666666666667	3.654803056919616	0.18377982222222225
1.7272727272727275	3.7469815807432503	0.18925743471074385
1.787878787878788	4.175149701320753	0.1951464337924702
1.8484848484848486	4.027486108346169	0.20144681946740128
1.9090909090909092	4.206281531638316	0.2081585917355372
1.9696969696969697	4.371185413046781	0.21528175059687787
2.0303030303030303	4.215096585234235	0.22281629605142333
2.090909090909091	4.906376796423557	0.23076222809917357
2.1515151515151514	4.571476791921864	0.23911954674012856
2.212121212121212	5.452696009485238	0.24788825197428832
2.2727272727272725	4.9080092472851	0.2570683438016529
2.333333333333334	5.334835219782597	0.26665982222222234
2.3939393939393945	5.481703228236103	0.27666268723599646
2.454545454545455	5.44430824295234	0.28707693884297525
2.5151515151515156	5.954343734693498	0.297902577043159
2.575757575757576	6.1426175898388635	0.3091396018365474
2.6363636363636367	6.545686313160231	0.3207880132231406
2.6969696969696972	6.66129530727855	0.33284781120293855
2.757575757575758	7.162626658943639	0.3453189957759413
2.8181818181818183	7.682979720046657	0.3582015669421488
2.878787878787879	7.668733581530956	0.3714955247015611
2.9393939393939394	7.318052990870765	0.38520086905417816
3.0	8.17963446743444	0.39931760000000005
