0.01	17.495858826043733	0.9796885255659386
0.011638795986622074	16.84942086103343	0.9722004422929263
0.013277591973244147	18.277418800325457	0.9636411609672669
0.014916387959866221	20.87347425119545	0.9540367259985761
0.016555183946488295	18.601021154654106	0.9434162373822921
0.018193979933110366	20.13995306881032	0.9318117182944214
0.01983277591973244	18.74801406285191	0.919257969990527
0.021471571906354514	14.98418128767865	0.9057924148525931
0.023110367892976588	18.515877097179004	0.891454928492478
0.024749163879598662	16.480530991268	0.8762876618794488
0.026387959866220737	18.12663542390896	0.8603348545114792
0.02802675585284281	13.698622761622937	0.843642639694939
0.029665551839464885	18.757373279842824	0.8262588430353088
0.03130434782608696	13.113471858096023	0.8082327752719188
0.032943143812709026	16.90911734130434	0.7896150206123518
0.0345819397993311	13.757989053886725	0.7704572217372582
0.036220735785953175	14.660237055717465	0.750811862653643
0.03785953177257525	15.715618240744593	0.7307320505740087
0.03949832775919732	14.924257383584699	0.7102712979908922
0.0411371237458194	11.375905301191654	0.689483306100397
0.04277591973244147	11.500078474982688	0.6684217507055568
0.044414715719063545	13.449639912203049	0.6471400717002406
0.04605351170568562	12.642891124626255	0.6256912671974902
0.047692307692307694	12.217542492291667	0.6041276933229426
0.04933110367892977	11.355780812131782	0.5825008706447528
0.05096989966555184	8.557436087960978	0.5608612981564427
0.052608695652173916	9.997831898401124	0.5392582756692473
0.05424749163879598	8.961736611532029	0.5177397354057026
0.05588628762541806	9.390736237906173	0.496352083517587
0.05752508361204013	8.934843817862225	0.47514005217899413
0.059163879598662206	8.168236846916361	0.45414656283000476
0.06080267558528428	8.30807911011564	0.43341260106876645
0.062441471571906354	9.557983090226054	0.4129771036103163
0.06408026755852843	7.599112087056572	0.3928768576497701
0.0657190635451505	8.548841730551487	0.3731464128862276
0.06735785953177258	7.5365579829606135	0.3538180063823923
0.06899665551839465	7.938623750909443	0.3349215003541948
0.07063545150501672	6.327274644541614	0.31648433290497574
0.07227424749163879	6.295611400509765	0.2985314816409132
0.07391304347826086	5.147790099411781	0.28108544002848473
0.07555183946488293	5.546242265419397	0.26416620628168325
0.07719063545150501	4.7960135144189735	0.24779128449669546
0.07882943143812708	4.28014313882412	0.23197569768533965
0.08046822742474916	4.381477383381588	0.21673201229607308
0.08210702341137123	4.145352057857214	0.2020703737532101
0.0837458193979933	3.3377693403431756	0.18799855249146322
0.08538461538461538	3.479928514583792	0.17452199991419878
0.08702341137123745	3.463403374817967	0.16164391366029165
0.08866220735785953	2.6917518774976887	0.1493653115261206
0.0903010033444816	3.0095901750806724	0.13768511335642447
0.09193979933110367	2.6070632595477052	0.12660023019035735
0.09357859531772575	2.4178344228577715	0.11610565992726321
0.09521739130434782	1.9635347605103923	0.10619458876044602
0.0968561872909699	1.8938975402846046	0.0968584976164269
0.09849498327759196	1.7227299464412105	0.08808727283186701
0.10013377926421403	1.6494192835543566	0.07986932030027649
0.1017725752508361	1.5191795794651852	0.07219168232572941
0.10341137123745818	1.2397603171528744	0.06504015643083921
0.10505016722408025	1.3016757941752286	0.058399415380996605
0.10668896321070233	1.0300967212930252	0.05225312770606536
0.1083277591973244	0.8118483753101204	0.04658407802410037
0.10996655518394648	0.7438765213967964	0.041374286498875555
0.11160535117056855	0.7144928115426884	0.036605126793773354
0.11324414715719062	0.6092806505231951	0.032257441918526815
0.1148829431438127	0.5650318668860249	0.028311657402083086
0.11652173913043477	0.5593587615402731	0.02474789126409119
0.11816053511705685	0.46839690498537895	0.021546060298835795
0.11979933110367892	0.3160652301512745	0.018685982228469226
0.121438127090301	0.3325322703917382	0.016147473326748873
0.12307692307692307	0.2827895267441597	0.013910441159799981
0.12471571906354514	0.23141272339459595	0.011954972136317465
0.12635451505016723	0.2053591747266713	0.010261413605746039
0.1279933110367893	0.16869800320993186	0.008810450288973275
0.12963210702341138	0.16743002800315993	0.00758317487161371
0.13127090301003344	0.1210279931057551	0.006561152634728212
0.1329096989966555	0.1313117062030783	0.00572648004151637
0.1345484949832776	0.0987226514595246	0.0050618372408599895
0.13618729096989968	0.08541627983421538	0.004550534489326409
0.13782608695652174	0.07284508678794792	0.004176552532127355
0.13946488294314383	0.078520633062087	0.003924577020364274
0.14110367892976589	0.06934000533576166	0.0037800270764863767
0.14274247491638797	0.08131331057880668	0.0037290781520890855
0.14438127090301003	0.08099549758481799	0.003758679351850142
0.14602006688963212	0.07016489856759886	0.003856565424435517
0.14765886287625418	0.08036453378526139	0.0040112636455222365
0.14929765886287627	0.07582832608693771	0.004212095839627765
0.15093645484949833	0.08670525273997684	0.00444917580617154
0.1525752508361204	0.10057686975392001	0.004713402431118431
0.15421404682274248	0.09062017064630633	0.0049964487786801175
0.15585284280936454	0.11550117193531564	0.005290747467918227
0.15749163879598663	0.13412546649839446	0.005589472646757565
0.1591304347826087	0.10218055318387559	0.0058865188809585165
0.16076923076923078	0.10995924314861255	0.006176477278108244
0.16240802675585284	0.13646922212195978	0.006454609166779821
0.16404682274247492	0.15001888434652058	0.006716817648803654
0.16568561872909698	0.14643551307866945	0.006959617338231701
0.16732441471571907	0.16512014641114015	0.007180102594200682
0.16896321070234113	0.13430087312668182	0.007375914546672903
0.17060200668896322	0.1369005845898668	0.007545207204112267
0.17224080267558528	0.141028648072126	0.007686612920715989
0.17387959866220737	0.16812929238551866	0.007799207488029887
0.17551839464882943	0.15164547068983603	0.007882475101813472
0.17715719063545152	0.17521572754281223	0.007936273440056601
0.17879598662207358	0.17352822298274673	0.007960799072259194
0.18043478260869567	0.16302124591912334	0.007956553403640446
0.18207357859531773	0.1624297954874688	0.007924309341008953
0.1837123745819398	0.16233715387432654	0.007865078849763386
0.18535117056856187	0.15546418827213143	0.007780081554058103
0.18698996655518393	0.15074191296934847	0.007670714514709265
0.18862876254180602	0.14522180001110924	0.007538523302069978
0.19026755852842808	0.14005905846296943	0.007385174464002774
0.19190635451505017	0.183769190176341	0.007212429472339444
0.19354515050167223	0.13792203899846056	0.007022120214956497
0.19518394648829432	0.15514232119344334	0.006816126084905046
0.19682274247491638	0.1258999166034434	0.006596352703008897
0.19846153846153847	0.1409487998197404	0.006364712296057076
0.20010033444816053	0.12326304969800375	0.006123105739238553
0.20173913043478262	0.10949276439992287	0.005873406258847035
0.20337792642140468	0.12289600200536675	0.005617444779573864
0.20501672240802676	0.10822878107120215	0.005356996889932676
0.20665551839464882	0.11739530407065009	0.005093771389553307
0.2082943143812709	0.1112129266451572	0.004829400373249916
0.20993311036789297	0.08570694716935622	0.004565430798921225
0.21157190635451506	0.08526971815962847	0.004303317479467955
0.21321070234113712	0.08285467895797957	0.0040444174330085845
0.2148494983277592	0.09105157919483432	0.003789985520712802
0.21648829431438127	0.07528508311842518	0.0035411712975303706
0.21812709030100336	0.07655673866284693	0.0032990169979368583
0.21976588628762542	0.0653426006980127	0.0030644565765071746
0.22140468227424748	0.054457431719095416	0.00283831572162249
0.22304347826086957	0.05205843411290665	0.002621312759866599
0.22468227424749163	0.048300468984387813	0.002414060368624321
0.2263210702341137	0.04638281033785006	0.002217068015004179
0.22795986622073577	0.040505114664043336	0.002030745040415912
0.22959866220735786	0.03672862317156929	0.0018554043118822702
0.23123745819397992	0.03678179394785026	0.0016912663633997607
0.232876254180602	0.0279941650234302	0.0015384639533251067
0.23451505016722407	0.02410811767309217	0.00139704696679857
0.23615384615384616	0.022184249797843746	0.0012669875955656378
0.23779264214046822	0.02472081470185107	0.0011481857311704791
0.2394314381270903	0.021348263740943157	0.0010404745113173433
0.24107023411371237	0.017429799632835093	0.0009436259631780202
0.24270903010033446	0.017011510359167717	0.0008573566915182591
0.24434782608695652	0.014464220568612504	0.0007813335636790062
0.2459866220735786	0.013470893193777752	0.0007151793476372127
0.24762541806020066	0.01276050454458207	0.0006584782635480857
0.24926421404682275	0.010880554099740768	0.0006107814133004593
0.2509030100334448	0.011455865182890086	0.0005716120566679645
0.2525418060200669	0.011504656007017906	0.0005404707065822376
0.25418060200668896	0.009938730372106307	0.0005168400198664401
0.255819397993311	0.01180281168182409	0.0005001894634252838
0.2574581939799331	0.010863650055125395	0.0004899797393746368
0.25909698996655517	0.010096165969799337	0.0004856669558938997
0.26073578595317726	0.010134860024789716	0.0004867065336863209
0.26237458193979935	0.00969471790906984	0.0004925568408274436
0.2640133779264214	0.01091793501228321	0.0005026825514638083
0.26565217391304347	0.00891510607725664	0.0005165577262897124
0.26729096989966555	0.011683133608251926	0.0005336686149781388
0.26892976588628764	0.00966185324925883	0.0005535161827742324
0.2705685618729097	0.011073357842566106	0.0005756183652793192
0.27220735785953176	0.011921651567130487	0.0005995120570652323
0.27384615384615385	0.010506661826975102	0.0006247548411695474
0.27548494983277594	0.01330082954847012	0.0006509264677400438
0.27712374581939797	0.01365280958934623	0.0006776300911304255
0.27876254180602006	0.01232310600314361	0.0007044932756091618
0.28040133779264215	0.013254560402718628	0.0007311687805400162
0.28204013377926423	0.01349656913187458	0.000757335136437582
0.28367892976588627	0.01384794744998546	0.0007826970237059394
0.28531772575250836	0.01675500557607816	0.0008069854661447216
0.28695652173913044	0.017558472521021915	0.0008299578514669783
0.28859531772575253	0.017236201563304448	0.0008513977911283274
0.29023411371237456	0.015655464317126666	0.000871114831729235
0.29187290969899665	0.019496581055434285	0.0008889440301324777
0.29351170568561874	0.01456405506003125	0.0009047454042470679
0.2951505016722408	0.017261180482439915	0.0009184032711782048
0.29678929765886286	0.01809193973468071	0.0009298254841400328
0.29842809364548495	0.02001646334499811	0.000938942579182616
0.30006688963210704	0.01761615328432886	0.0009457068424057979
0.30170568561872907	0.01883003944513586	0.0009500913079269192
0.30334448160535116	0.016258781646597897	0.0009520886964448486
0.30498327759197325	0.018904011366285875	0.0009517103038044607
0.30662207357859533	0.017973692355094398	0.000948984848519754
0.30826086956521737	0.019806246065436208	0.0009439572867644971
0.30989966555183945	0.018538877962199017	0.0009366876028908783
0.31153846153846154	0.017472326409453936	0.0009272495830922383
0.31317725752508363	0.016697536665926493	0.0009157295793884642
0.31481605351170566	0.017366484483997364	0.0009022252706841079
0.31645484949832775	0.015556020905699184	0.0008868444272313389
0.31809364548494984	0.018444608211995214	0.0008697036844235866
0.3197324414715719	0.01589611106615013	0.0008509273314518904
0.32137123745819396	0.014424385870981986	0.0008306461199747633
0.32301003344481605	0.017048945193445287	0.0008089960975839584
0.32464882943143814	0.01529676435156746	0.0007861174704922743
0.32628762541806017	0.017661236924336274	0.0007621534995254143
0.32792642140468226	0.016052280835331997	0.0007372494331666609
0.32956521739130434	0.015165775158170827	0.000711551481080451
0.33120401337792643	0.01219072170901885	0.0006852058312274901
0.33284280936454846	0.011417281786458114	0.0006583577133793785
0.33448160535117055	0.013192799254013714	0.0006311505115432291
0.33612040133779264	0.012563708374833709	0.000603724927516258
0.33775919732441473	0.010913192660950082	0.0005762181975055735
0.33939799331103676	0.009430895454038062	0.000548763363468345
0.34103678929765885	0.011327363963535493	0.0005214886005524654
0.34267558528428094	0.00914692021263498	0.0004945166017460806
0.344314381270903	0.006898547136739288	0.00046796402057640686
0.34595317725752506	0.007924061135263059	0.00044194097243354573
0.34759197324414715	0.007058469537016203	0.00041655059483330383
0.34923076923076923	0.007984184988220846	0.00039188866667476787
0.3508695652173913	0.008069540470793437	0.0003680432862934624
0.35250836120401335	0.0058343621247357105	0.00034509460785989653
0.35414715719063544	0.007214733202178442	0.00032311463542665454
0.35578595317725753	0.0066538786600408	0.0003021670736855039
0.3574247491638796	0.004910918698333899	0.00028230723426007405
0.35906354515050165	0.005480233890279527	0.00026358199613036535
0.36070234113712374	0.0048003515381269575	0.00024602981856360924
0.3623411371237458	0.003990431909323454	0.0002296808047127811
0.36397993311036786	0.003978611963337089	0.00021455681384050627
0.36561872909698995	0.00413369324959226	0.00020067161993318956
0.36725752508361204	0.003081420551661623	0.00018803111428912584
0.3688963210702341	0.003684644531519695	0.00017663354949605555
0.37053511705685616	0.002971768967766646	0.0001664698220593604
0.37217391304347824	0.0029401624657919303	0.00015752379080263672
0.37381270903010033	0.0030861869091824206	0.00014977262803889314
0.3754515050167224	0.0029596348493361323	0.00014318720040377205
0.37709030100334445	0.002451506168376828	0.0001377324761528941
0.37872909698996654	0.0029579194981849584	0.0001333679556542365
0.38036789297658863	0.002541349119120934	0.0001300481217540111
0.3820066889632107	0.0022227948359557653	0.00012772290666108823
0.38364548494983275	0.0028500173062968007	0.00012633817198104012
0.38528428093645484	0.0024975939357294867	0.00012583619853637085
0.3869230769230769	0.002395529749089256	0.0001261561826344467
0.388561872909699	0.0029183795168648253	0.0001272347354889828
0.39020066889632105	0.0026206981364218646	0.00012900638256417265
0.39183946488294313	0.002552411883078709	0.00013140405969237222
0.3934782608695652	0.0027864185275649584	0.0001343596029159542
0.39511705685618725	0.002997519666402576	0.00013780422912078346
0.39675585284280934	0.003338818461000832	0.00014166900466187476
0.39839464882943143	0.0029636073590634856	0.00014588529933012544
0.4000334448160535	0.0028138252100438866	0.00015038522317142823
0.40167224080267555	0.0032337663503054174	0.00015510204384476306
0.40331103678929764	0.003362726212542928	0.00015997058239263165
0.4049498327759197	0.00339061654391182	0.00016492758549407026
0.4065886287625418	0.0029718797623691177	0.0001699120724759227
0.40822742474916385	0.00367400189091374	0.00017486565557057966
0.40986622073578594	0.0033026984861172295	0.00017973283212630297
0.411505016722408	0.0033564078673703574	0.0001844612476980505
0.4131438127090301	0.004069147979584639	0.0001890019291707132
0.41478260869565214	0.0033826361371771052	0.00019330948729120203
0.41642140468227423	0.004301884610049239	0.00019734228820937022
0.4180602006688963	0.0037448397189712196	0.00020106259384862092
0.4196989966555184	0.004017519587725311	0.00020443667114382493
0.42133779264214044	0.004375924525497053	0.00020743487039524074
0.42297658862876253	0.0038871309205089953	0.00021003167319119418
0.4246153846153846	0.004232434887842156	0.00021220571054791101
0.4262541806020067	0.004186041549760877	0.00021393975210094653
0.42789297658862874	0.0041739640828758464	0.00021522066735788685
0.4295317725752508	0.0041424394776733995	0.00021603936018543143
0.4311705685618729	0.003973662235934855	0.0002163906778546658
0.43280936454849495	0.005391594729118716	0.00021627329610549083
0.43444816053511703	0.003972812560866776	0.0002156895818140648
0.4360869565217391	0.004496968570832562	0.00021464543495531153
0.4377257525083612	0.004476641778502398	0.00021315011164542777
0.43936454849498324	0.0041359266750488725	0.0002112160301267925
0.44100334448160533	0.0034690974952214237	0.00020885856161946363
0.4426421404682274	0.0037108852781496116	0.00020609580800944806
0.4442809364548495	0.0036229747031359546	0.00020294836837446577
0.44591973244147154	0.003999620578979731	0.0001994390963628573
0.4475585284280936	0.004758843020136628	0.00019559285044132367
0.4491973244147157	0.004292782299405622	0.00019143623901238195
0.4508361204013378	0.003882476848464024	0.00018699736237366238
0.45247491638795984	0.003527673723266242	0.00018230555344880999
0.4541137123745819	0.0030263535326298255	0.00017739111916469457
0.455752508361204	0.0036180980961960296	0.00017228508428259625
0.4573913043478261	0.0032932128278125128	0.00016701893941293094
0.45903010033444813	0.003191161554840769	0.00016162439485478073
0.4606688963210702	0.0025706110376642302	0.00015613314180411045
0.4623076923076923	0.002883762845408969	0.0001505766223689783
0.4639464882943144	0.0029071880941327574	0.00014498580971741793
0.46558528428093643	0.0031904881613898815	0.00013939099956508658
0.4672240802675585	0.002981194223009576	0.00013382161408624822
0.4688628762541806	0.002730840978832832	0.00012830601920442897
0.47050167224080264	0.00260193164778312	0.00012287135608907238
0.4721404682274247	0.0026076046607949035	0.00011754338755294348
0.4737792642140468	0.001998898250991463	0.00011234635991292519
0.4754180602006689	0.0021727314560062013	0.00010730288074512455
0.47705685618729093	0.0017952411278995021	0.0001024338128350287
0.478695652173913	0.0023321580041487234	9.775818449558776e-05
0.4803344481605351	0.0015719159503854896	9.329311630156479e-05
0.4819732441471572	0.001608287613159703	8.905376416803477e-05
0.48361204013377923	0.001645034961072698	8.505327858534633e-05
0.4852508361204013	0.0012282088336493344	8.1302779712862e-05
0.4868896321070234	0.001574680230946731	7.781134793000313e-05
0.4885284280936455	0.001383064186697037	7.458602934610147e-05
0.4901672240802675	0.001627969179316987	7.163185568078077e-05
0.4918060200668896	0.0014547326642506595	6.89518778444961e-05
0.4934448160535117	0.0014160041705285713	6.654721247471538e-05
0.4950836120401338	0.0014205753228032482	6.441710061738734e-05
0.4967224080267558	0.0011143105102551887	6.255897768589113e-05
0.4983612040133779	0.0008582563934826117	6.096855378078561e-05
0.5	0.0011941915472407224	5.9639903413377834e-05
