-3.0	14.931944654406236	0.70785
-2.9393939393939394	14.006439431783893	0.6820887511478421
-2.878787878787879	13.486767383400862	0.6568050045913683
-2.8181818181818183	13.402289213751637	0.6319987603305786
-2.757575757575758	13.038346740765643	0.607670018365473
-2.696969696969697	10.795850505931098	0.5838187786960513
-2.6363636363636362	12.107822576162437	0.560445041322314
-2.5757575757575757	10.73155307500685	0.5375488062442607
-2.515151515151515	10.642183830559151	0.5151300734618917
-2.4545454545454546	10.036451066928137	0.4931888429752066
-2.393939393939394	9.32675065255472	0.4717251147842057
-2.333333333333333	9.025600158398234	0.4507388888888888
-2.2727272727272725	8.38814533511739	0.4302301652892562
-2.212121212121212	8.89789186020871	0.41019894398530754
-2.1515151515151514	8.083482475372781	0.39064522497704307
-2.090909090909091	7.695451394440017	0.37156900826446276
-2.0303030303030303	7.46068702535655	0.3529702938475665
-1.9696969696969697	6.481048827421716	0.3348490817263544
-1.9090909090909092	6.606818534967106	0.3172053719008265
-1.8484848484848484	5.8899710248401265	0.3000391643709826
-1.7878787878787878	5.699456852616812	0.2833504591368228
-1.7272727272727273	4.951354188706916	0.26713925619834716
-1.6666666666666665	5.184934758339975	0.25140555555555555
-1.606060606060606	5.025426705212188	0.2361493572084481
-1.5454545454545454	4.5370078632531765	0.2213706611570248
-1.4848484848484849	4.3881777520037035	0.20706946740128562
-1.4242424242424243	3.9210909019552482	0.19324577594123055
-1.3636363636363635	3.76265554160383	0.1798995867768595
-1.303030303030303	3.0603214358645867	0.16703089990817266
-1.2424242424242424	2.7889957160281633	0.15463971533516993
-1.1818181818181817	2.701305238423638	0.14272603305785123
-1.121212121212121	2.7398225857654737	0.1312898530762167
-1.0606060606060606	2.6024907916248816	0.1203311753902663
-1.0	2.0399057509273177	0.10985000000000003
-0.9393939393939394	1.9684786084484744	0.09984632690541784
-0.8787878787878789	1.901973363002544	0.09032015610651978
-0.8181818181818183	1.686920272961403	0.08127148760330583
-0.7575757575757573	1.5378670746559906	0.07270032139577591
-0.6969696969696968	1.2400918757756274	0.0646066574839302
-0.6363636363636362	1.17855724492796	0.05699049586776859
-0.5757575757575757	1.044326029371796	0.04985183654729109
-0.5151515151515151	0.8327164001569809	0.04319067952249771
-0.4545454545454546	0.7417022067937071	0.037007024793388445
-0.39393939393939403	0.6236743702460168	0.03130087235996328
-0.33333333333333304	0.4898233734699534	0.026072222222222205
-0.2727272727272725	0.3979756094503961	0.021321074380165277
-0.21212121212121193	0.30991679767921454	0.017047428833792462
-0.15151515151515138	0.24237296369319217	0.01325128558310376
-0.09090909090909083	0.21641670053032291	0.00993264462809917
-0.030303030303030276	0.14725581146679925	0.007091505968778696
0.030303030303030276	0.08766135526834815	0.004727869605142334
0.09090909090909083	0.060602946151188414	0.0028417355371900847
0.15151515151515138	0.02776757265729317	0.0014331037649219494
0.21212121212121238	0.009841425193127137	0.0005019742883379217
0.27272727272727293	0.0009693078618544475	4.8347107438015776e-05
0.3333333333333335	0.0014213041725464701	7.222222222222291e-05
0.39393939393939403	0.011968361535465282	0.0005735996326905432
0.4545454545454546	0.03025901241031292	0.0015524793388429763
0.5151515151515151	0.06043525756079978	0.0030088613406795226
0.5757575757575757	0.09979621839034057	0.004942745638200182
0.6363636363636367	0.1402925733002039	0.007354132231404974
0.6969696969696972	0.21282331461767034	0.010243021120293863
0.7575757575757578	0.2652744593966236	0.013609412304866864
0.8181818181818183	0.3732611415962437	0.01745330578512398
0.8787878787878789	0.44146498164813475	0.021774701561065205
0.9393939393939394	0.4946621460940468	0.026573599632690542
1.0	0.6559633301333402	0.031849999999999996
1.0606060606060606	0.7221654915448548	0.037603902662993564
1.121212121212121	0.8457094954599342	0.043835307621671246
1.1818181818181817	0.9651071681678293	0.050544214876033035
1.2424242424242422	1.2346406408501824	0.05773062442607894
1.3030303030303028	1.32370415089828	0.06539453627180895
1.3636363636363633	1.4953071103446676	0.0735359504132231
1.4242424242424248	1.528732623291437	0.08215486685032147
1.4848484848484853	1.9292948826022573	0.09125128558310383
1.5454545454545459	1.9750873981424026	0.10082520661157031
1.6060606060606064	2.27941501140148	0.11087662993572092
1.666666666666667	2.464395903836131	0.12140555555555561
1.7272727272727275	2.719945991050598	0.1324119834710744
1.787878787878788	2.994790056542614	0.14389591368227736
1.8484848484848486	2.865636117476632	0.1558573461891644
1.9090909090909092	3.070914017420627	0.16829628099173558
1.9696969696969697	3.552798459398171	0.18121271808999084
2.0303030303030303	3.9059446090967667	0.19460665748393025
2.090909090909091	4.300890151144306	0.20847809917355373
2.1515151515151514	4.817676384511001	0.22282704315886132
2.212121212121212	5.156951922058721	0.23765348943985304
2.2727272727272725	5.385054061644489	0.25295743801652887
2.333333333333334	5.581342849172138	0.26873888888888914
2.3939393939393945	6.133243819312128	0.2849978420569332
2.454545454545455	6.490431180285496	0.3017342975206614
2.5151515151515156	6.643804364706315	0.3189482552800737
2.575757575757576	6.504546215513522	0.3366397153351701
2.6363636363636367	6.878793691309794	0.3548086776859506
2.6969696969696972	7.539032782971911	0.3734551423324153
2.757575757575758	7.742888476101202	0.39257910927456396
2.8181818181818183	8.815060245364906	0.41218057851239687
2.878787878787879	9.20337927182893	0.4322595500459138
2.9393939393939394	8.954242430540091	0.4528160238751149
3.0	10.232206838598529	0.4738500000000001
