0.01	0.9644306145646835	0.05035779165141921
0.010301003344481606	0.9366262702784663	0.050191550737234525
0.010602006688963212	1.110122695985079	0.05002290872451226
0.010903010033444816	1.0564860265745528	0.04985143443465629
0.011204013377926422	1.0692900114680786	0.049676762238296465
0.011505016722408027	1.067590397134503	0.049498607906533786
0.011806020066889633	0.7488330106548684	0.049315685418843375
0.012107023411371237	0.9002459450482483	0.049129949650314524
0.012408026755852843	1.1158062314117068	0.048940334701464805
0.012709030100334449	0.864284765519402	0.04874681725169944
0.013010033444816054	0.871013947178285	0.04854940346253573
0.01331103678929766	0.9734271890931723	0.04834811817589718
0.013612040133779264	0.9683219401091734	0.04814299743449011
0.01391304347826087	0.8599409865652838	0.04793408373617006
0.014214046822742476	1.148825946299784	0.04772142520203359
0.01451505016722408	0.7769774924791626	0.0475050723536332
0.014816053511705687	0.9408387827812019	0.04728507647110189
0.015117056856187291	0.9576230013547992	0.04706148957299124
0.015418060200668897	0.8910247993534136	0.04683308826105809
0.015719063545150503	0.9444691556088428	0.04660240181201043
0.016020066889632107	0.9402755656055307	0.04636828196559606
0.016321070234113715	0.9508347403955468	0.04613078356613573
0.01662207357859532	1.0880923184780245	0.04588996210670057
0.016923076923076923	0.9879641827316062	0.04564587370788459
0.01722408026755853	0.9825619268976149	0.04539857509640784
0.017525083612040134	0.8042738240460052	0.045148123583576893
0.01782608695652174	0.7166807029838806	0.04489457704362837
0.018127090301003346	0.9796286227022902	0.04463799389198165
0.01842809364548495	0.8096113338482481	0.04437713796786098
0.018729096989966557	0.7803741407480236	0.04411458544425479
0.01903010033444816	0.8226035186201298	0.043849172626782215
0.01933110367892977	0.9769937533340592	0.04358095999585458
0.019632107023411373	0.7348460268899162	0.04331000847522698
0.019933110367892977	0.8366331292155922	0.043036379409722304
0.020234113712374584	0.8253029427736573	0.04276013454293985
0.02053511705685619	0.9113364168018172	0.04248133599496981
0.020836120401337796	0.7944539959283895	0.04220004624013504
0.0211371237458194	0.7581293149555526	0.04191507326701775
0.021438127090301004	0.8496764708947416	0.0416289234358902
0.021739130434782608	0.7712046422852226	0.041340470455332366
0.022040133779264216	0.843690258913786	0.04104977813145759
0.022341137123745823	0.6984996932198394	0.04075691052287605
0.022642140468227427	0.6628772638679091	0.040461931918373634
0.02294314381270903	0.7111546999076138	0.04016490681468218
0.023244147157190635	0.6566180151905674	0.03986589989435852
0.023545150501672243	0.7703579782013854	0.039564976003787354
0.02384615384615385	0.7144847550580447	0.03926098697425958
0.024147157190635454	0.6950567845324855	0.03895636641829933
0.02444816053511706	0.7609756063906274	0.03865002362308591
0.024749163879598662	0.563762985531166	0.03834202401646419
0.02505016722408027	0.683642080999237	0.038032433087929425
0.025351170568561877	0.7837639609088497	0.03772131636700448
0.02565217391304348	0.7353135627969782	0.03740873940179456
0.025953177257525085	0.7677586939602925	0.037094767737730995
0.02625418060200669	0.805891008827767	0.036778358369955806
0.026555183946488294	0.6660913527532355	0.036461746097087515
0.026856187290969905	0.6852841414516807	0.036143935481415944
0.02715719063545151	0.6544279425501386	0.03582499198596032
0.027458193979933113	0.6818611522266118	0.035504980971268356
0.027759197324414717	0.8019362904582135	0.03518396767490225
0.02806020066889632	0.7144320204324713	0.034862017191159306
0.02836120401337793	0.6887610723934633	0.03453919445103586
0.028662207357859536	0.7590793986433985	0.034214564479004436
0.02896321070234114	0.6918715873296271	0.03389015375142382
0.029264214046822744	0.6434383475594849	0.03356506478793047
0.029565217391304348	0.6573468105324114	0.033239361797141036
0.02986622073578596	0.6371254122838033	0.03291310872952054
0.030167224080267563	0.6200711563633221	0.03258636925842436
0.030468227424749167	0.6263894577371987	0.032259206761421494
0.03076923076923077	0.6732537356016942	0.03193168430190531
0.031070234113712375	0.5627753282099455	0.03160298261339974
0.031371237458193986	0.5780370778855898	0.031274900764599274
0.03167224080267559	0.5952772741528795	0.030946646868129632
0.031973244147157194	0.7514230349174851	0.030618282664859848
0.0322742474916388	0.5362773839324015	0.030289869493929013
0.0325752508361204	0.6651831409950194	0.029961468275732407
0.03287625418060201	0.6087233712236587	0.029633139495225665
0.03317725752508362	0.5912063818313479	0.02930494318555111
0.03347826086956522	0.671310081969045	0.028976186042638553
0.033779264214046825	0.5840961535627985	0.02864841559505753
0.03408026755852843	0.5843070749682918	0.028320955941764037
0.03438127090301004	0.6270505980978762	0.027993865247418682
0.034682274247491644	0.5120113606065124	0.027667201146676663
0.03498327759197325	0.49299675442482754	0.027341020729441303
0.03528428093645485	0.6590905070175688	0.02701538052646354
0.035585284280936456	0.5906439098110124	0.026689733692488882
0.03588628762541807	0.600242518785672	0.02636533229349927
0.03618729096989967	0.48809129641487703	0.02604163844175411
0.036488294314381275	0.45926412036454867	0.025718706374647876
0.03678929765886288	0.45803860135023544	0.025396589701852906
0.037090301003344484	0.439828719354853	0.025075341392732056
0.037391304347826095	0.45875601420696066	0.024755013764113782
0.0376923076923077	0.4355468088587361	0.024435658468431053
0.0379933110367893	0.4930334214972165	0.024116867119393127
0.03829431438127091	0.5281257780039463	0.023799608671026817
0.03859531772575251	0.5015874226221784	0.02348347480377733
0.03889632107023412	0.4708211125967712	0.023168514464200655
0.039197324414715726	0.41602783381512953	0.022854775878184477
0.03949832775919733	0.5269125263442476	0.02254230654105141
0.039799331103678934	0.4610854983643111	0.022231153208035224
0.04010033444816054	0.45664656215881777	0.02192104907040729
0.04040133779264214	0.3804717869764529	0.021612671640811834
0.04070234113712375	0.43427371758139305	0.02130574737101222
0.04100334448160536	0.4626524337935779	0.021000320016621606
0.04130434782608696	0.3748736454460322	0.020696432548487204
0.04160535117056857	0.37455137039503783	0.02039412714522045
0.041906354515050176	0.35686960796896994	0.020093445186102624
0.04220735785953178	0.33763688195404057	0.019794254880892703
0.042508361204013384	0.37663816133995925	0.019496953123721204
0.04280936454849499	0.32663914327946436	0.019201395495646176
0.04311036789297659	0.38588833365775593	0.018907620150275424
0.0434113712374582	0.3958230314497623	0.018615664409279985
0.04371237458193981	0.34305678262689254	0.018325564757395284
0.04401337792642141	0.35275458764412826	0.01803735683779374
0.044314381270903015	0.25394474115864424	0.017751075447826305
0.04461538461538462	0.2908885258452353	0.017466733075716404
0.04491638795986623	0.3841129416008702	0.017184424347168267
0.045217391304347834	0.29329266902485235	0.016904142811543104
0.04551839464882944	0.28598423469823564	0.01662591986786737
0.04581939799331104	0.3691046809379624	0.01634978605071412
0.046120401337792646	0.30587022667697106	0.016075771028026042
0.04642140468227426	0.34093807904452644	0.01580390359929542
0.04672240802675586	0.29986679036607583	0.01553432005536374
0.047023411371237465	0.3145422725453213	0.015266853195556858
0.04732441471571907	0.28708042964954905	0.01500161639805383
0.047625418060200674	0.313673948676151	0.014738634986861537
0.047926421404682285	0.2869527986547925	0.01447793341101676
0.04822742474916389	0.287529003090463	0.01421953524479095
0.04852842809364549	0.2689352095190113	0.013963463188233664
0.0488294314381271	0.26410914489758996	0.013709967495436638
0.0491304347826087	0.2727620737504204	0.01345863765949324
0.04943143812709031	0.26402906970330114	0.013209697978517392
0.049732441471571916	0.2540407601585772	0.012963167667912388
0.05003344481605352	0.27922629904206825	0.012719065074041212
0.050334448160535124	0.26115382913186275	0.012477407676695355
0.05063545150501673	0.2653367665180474	0.012238212091878274
0.05093645484949834	0.26807518840905203	0.01200183171450396
0.05123745819397994	0.21762360169307338	0.011767633603673241
0.05153846153846155	0.2732161325368059	0.011535943051905938
0.05183946488294315	0.2566631871304925	0.011306773246331834
0.052140468227424755	0.24415376102786332	0.011080136526515141
0.052441471571906366	0.25885619659694975	0.010856044389025415
0.05274247491638797	0.210097117167807	0.010634507492293555
0.053043478260869574	0.1965320738467513	0.01041597062396028
0.05334448160535118	0.2074016188192868	0.01019960151148184
0.05364548494983278	0.19030395617313067	0.009985815544348521
0.05394648829431439	0.2019173795541791	0.00977462006842394
0.054247491638796	0.19988102484226405	0.009566021617813336
0.0545484949832776	0.20169196512573537	0.00936002592133534
0.054849498327759205	0.18038823172470833	0.0091566379092446
0.05515050167224081	0.14909883403411703	0.008956381212810649
0.05545150501672241	0.18683552712696344	0.008758249296525312
0.055752508361204024	0.13901811894015412	0.008562735890111906
0.05605351170568563	0.18215844590896446	0.00836984278252656
0.05635451505016723	0.17096720208011282	0.008179570999624977
0.056655518394648836	0.1467240632957626	0.007991920812300652
0.05695652173913044	0.19040803468942452	0.0078068917448366
0.05725752508361205	0.14105512617512256	0.007625073099557231
0.057558528428093655	0.16665165982033314	0.007445310736631065
0.05785953177257526	0.1683174191552996	0.007268164276591268
0.058160535117056864	0.12290813046050146	0.007093630322095944
0.05846153846153847	0.1554163576420353	0.006921704772507835
0.05876254180602008	0.13838029564517865	0.006752382833439029
0.05906354515050168	0.12766564106426498	0.0065856590264689934
0.05936454849498329	0.13426257639270348	0.006422174745786594
0.05966555183946489	0.13063120288369695	0.006260656034520963
0.059966555183946495	0.10396846596195375	0.00610171546945585
0.060267558528428106	0.10546599348509582	0.005945344911285118
0.06056856187290971	0.1074693386285357	0.0057915355864860615
0.060869565217391314	0.12540769183093822	0.005640278097991815
0.06117056856187292	0.12774421115831622	0.005491562435995426
0.06147157190635452	0.10802983317627883	0.005346068344121927
0.06177257525083613	0.09639205881371192	0.005202430444530349
0.06207357859531774	0.09331266221954806	0.005061301086569822
0.06237458193979934	0.10434406492209024	0.004922667893448874
0.06267558528428094	0.07055886390248012	0.004786517930522064
0.06297658862876254	0.08822950771217697	0.004652837716800533
0.06327759197324416	0.0910883048208552	0.004521613236551928
0.06357859531772576	0.08285789416408834	0.00439354893495906
0.06387959866220737	0.07391978787512514	0.00426721646482185
0.06418060200668897	0.08803314855422885	0.0041432947678385085
0.06448160535117058	0.07464723702049034	0.004021767780108275
0.06478260869565218	0.09062536108930806	0.0039026189614715934
0.06508361204013378	0.0751692798391874	0.0037858313075657237
0.06538461538461539	0.05811051050526948	0.003671387361927863
0.06568561872909699	0.06164694554103935	0.0035600029788458495
0.0659866220735786	0.06909300694311532	0.0034502147859740923
0.06628762541806021	0.06535192883210968	0.003342715398601154
0.06658862876254182	0.06918481999445544	0.003237485647459438
0.06688963210702342	0.0593352854666646	0.003134505971791201
0.06719063545150503	0.05879006964898332	0.0030337564316601368
0.06749163879598663	0.07480780046636797	0.0029352167202699097
0.06779264214046823	0.049890009215809494	0.0028396014175573418
0.06809364548494984	0.05600355792621561	0.002745439012121947
0.06839464882943144	0.05874410107632869	0.002653423388565144
0.06869565217391305	0.04784608476549972	0.002563532870923011
0.06899665551839465	0.05252130143901856	0.0024757454776684947
0.06929765886287625	0.04049451802929308	0.00239003893400065
0.06959866220735787	0.04090845811861896	0.0023063906841026393
0.06989966555183948	0.04328098239413213	0.0022255021960642615
0.07020066889632108	0.0386912888391221	0.0021459191286515773
0.07050167224080268	0.03946539423392858	0.0020683249846830433
0.07080267558528429	0.047868350357921044	0.001992696183106749
0.07110367892976589	0.04555184045739023	0.0019190089224697792
0.0714046822742475	0.03892630657202771	0.001847239192923993
0.0717056856187291	0.03491474024506485	0.0017773627881654767
0.0720066889632107	0.036558986297590426	0.0017100572852022879
0.07230769230769231	0.029172597348824013	0.0016439087758197309
0.07260869565217391	0.03236735285381973	0.0015795796993271424
0.07290969899665552	0.033667247567136294	0.0015170451609149724
0.07321070234113713	0.022700494399470514	0.0014562801279817844
0.07351170568561874	0.03112871513110857	0.0013972594416181978
0.07381270903010034	0.026694709652645462	0.0013399578279931746
0.07411371237458195	0.03052757054843199	0.0012850194330315322
0.07441471571906355	0.0249180207442909	0.0012310915922232324
0.07471571906354516	0.024795059467383838	0.0011788061558174834
0.07501672240802676	0.021616315618711045	0.001128137484147575
0.07531772575250836	0.021766907529903	0.001079059878195467
0.07561872909698997	0.023562179307128856	0.0010315475903429148
0.07591973244147157	0.020262890316658663	0.0009855748349979546
0.07622073578595318	0.01789593000510319	0.000941744170702899
0.0765217391304348	0.016049718531158295	0.0008987822044689384
0.0768227424749164	0.016609204745319055	0.0008572819801000786
0.077123745819398	0.013231539551567938	0.0008172176487011893
0.0774247491638796	0.01629131407816828	0.0007785633748856751
0.07772575250836121	0.016334213659059633	0.0007412933466139546
0.07802675585284281	0.014820926234277065	0.0007053817848850083
0.07832775919732442	0.013182904669074716	0.0006713829926135329
0.07862876254180602	0.010762778681718843	0.0006381178458522066
0.07892976588628763	0.01215611460826242	0.0006061337860007225
0.07923076923076923	0.010732607599649481	0.0005754052479586219
0.07953177257525085	0.010808169305071617	0.0005459067462282068
0.07983277591973245	0.009522164575410778	0.0005176128836943355
0.08013377926421406	0.011141050098872722	0.0004910198656374274
0.08043478260869566	0.00837266183653107	0.0004650641051609525
0.08073578595317726	0.010358512023981225	0.0004402370715159362
0.08103678929765887	0.007875845548837287	0.00041651379593018225
0.08133779264214047	0.007062110737767406	0.0003938694398358423
0.08163879598662208	0.007409608753835209	0.000372279302654977
0.08193979933110368	0.006527421792007837	0.0003517188294100502
0.08224080267558528	0.006999911516265461	0.0003326293784077252
0.0825418060200669	0.006443434506341933	0.00031405767640181305
0.0828428093645485	0.006371195801614302	0.00029644258317064925
0.08314381270903011	0.005152055008587067	0.0002797601917689059
0.08344481605351171	0.004496652899533509	0.00026398677668263505
0.08374581939799332	0.005090267072873048	0.0002490988003787295
0.08404682274247492	0.005374603858375197	0.00023507291967153274
0.08434782608695653	0.005016767542449596	0.00022229340628488912
0.08464882943143813	0.0042070093683740165	0.0002099231023558161
0.08494983277591973	0.003816948154666371	0.00019834576489068828
0.08525083612040134	0.0034300588651458882	0.00018753888372054762
0.08555183946488296	0.002957475052346295	0.00017748017254723506
0.08585284280936456	0.003276246412380741	0.0001681475742127751
0.08615384615384616	0.0031751237186985787	0.0001595192657830915
0.08645484949832777	0.0033108257592062026	0.00015192165618076314
0.08675585284280937	0.0030933770464134517	0.00014463641617778862
0.08705685618729098	0.0026912885791450535	0.0001379911552086044
0.08735785953177258	0.002538941541325984	0.0001319650494847802
0.08765886287625418	0.0029900722906580786	0.00012653754042975173
0.08795986622073579	0.0028274522526045873	0.00012168834051380878
0.08826086956521739	0.0028157660693646463	0.00011739743918826394
0.088561872909699	0.002140408399259437	0.00011393445942976669
0.08886287625418061	0.0022638187617577835	0.00011069909147625953
0.08916387959866222	0.002305314971228811	0.00010796347194059928
0.08946488294314382	0.002300021109655176	0.00010570876449858313
0.08976588628762543	0.0020669673563238075	0.00010391644218769771
0.09006688963210703	0.0016131764190092715	0.00010256829427718157
0.09036789297658863	0.002176164286491323	0.00010164643330943222
0.09066889632107024	0.0023237652575972445	0.0001013672572846082
0.09096989966555184	0.0025308049866606145	0.00010124273953872785
0.09127090301003345	0.0020963617867427085	0.00010149267543680074
0.09157190635451505	0.0017170585396202663	0.00010210055001692646
0.09187290969899667	0.0022004667446817606	0.0001030502090897699
0.09217391304347827	0.0021129533892433956	0.00010432586675240401
0.09247491638795988	0.00232498057275926	0.00010609885789228298
0.09277591973244148	0.001933081349705525	0.00010797756595271782
0.09307692307692308	0.0020165973027106024	0.00011013706630423153
0.09337792642140469	0.002263996358040767	0.00011256312544056026
0.09367892976588629	0.002834724428643287	0.00011524191332194252
0.0939799331103679	0.00238810920321023	0.00011816000925803028
0.0942809364548495	0.002498227562948958	0.0001213044072429045
0.0945819397993311	0.0027967149636486327	0.00012480535528557992
0.09488294314381272	0.0027416755897139663	0.00012836186427083032
0.09518394648829433	0.002274323977779053	0.00013210811037227634
0.09548494983277593	0.0029170199905112467	0.0001360327930485513
0.09578595317725754	0.0024695021405922164	0.00014012504236042477
0.09608695652173914	0.0030726185259504	0.0001443744194588672
0.09638795986622074	0.0023630040276817663	0.00014877091607623996
0.09668896321070235	0.003099242574930795	0.00015341063567473337
0.09698996655518395	0.003369433696744141	0.0001580701044650788
0.09729096989966556	0.003108825116805136	0.00016284919780470823
0.09759197324414716	0.003935422578876403	0.00016773961047926791
0.09789297658862878	0.003432283982880328	0.00017273344975112642
0.09819397993311038	0.0037058089492950554	0.00017782322863928637
0.09849498327759199	0.0038548486439318554	0.00018300185824165878
0.09879598662207359	0.0038227252087829184	0.00018833813557782512
0.0990969899665552	0.004110362337204839	0.00019367216937815732
0.0993979933110368	0.0033829354823056356	0.00019907608754810794
0.0996989966555184	0.004145683382797285	0.00020454430495482376
0.1	0.0037083879267107898	0.00021007158375099252
