0.01	1.2521447576452907	0.06124596281929362
0.010301003344481606	1.0804542393977887	0.06104377792366359
0.010602006688963212	1.0647336414756265	0.06083867277305545
0.010903010033444816	1.1347863221951355	0.06063012296106845
0.011204013377926422	1.2724666365289405	0.060417683803333525
0.011505016722408027	1.2511990471516932	0.060201009616054596
0.011806020066889633	1.0645012989876244	0.059978536320214916
0.012107023411371237	1.2276598327903991	0.05975264146659875
0.012408026755852843	1.190408274305602	0.0595220286909707
0.012709030100334449	1.3797875018935983	0.059286669630445245
0.013010033444816054	1.261766033591383	0.059046571778759674
0.01331103678929766	1.3077400154168242	0.05880176534906413
0.013612040133779264	1.251492251281349	0.058552294177082576
0.01391304347826087	1.263281422122499	0.058298209949395975
0.014214046822742476	0.9599227127941972	0.05803957119166247
0.01451505016722408	1.0264824965527786	0.05777643934901336
0.014816053511705687	1.146365769169344	0.05750887678917798
0.015117056856187291	1.3244864178930722	0.05723694677796235
0.015418060200668897	1.0469968248211219	0.056959161398584146
0.015719063545150503	1.2010730717367566	0.056678596798391045
0.016020066889632107	1.1566402436333643	0.056393856444643856
0.016321070234113715	1.138021305951916	0.05610500703989481
0.01662207357859532	1.3635157317446214	0.05581211607571693
0.016923076923076923	1.038384432321838	0.055515251806886656
0.01722408026755853	1.0544954322150495	0.05521448322536089
0.017525083612040134	1.1374231267675408	0.05490988003408003
0.01782608695652174	1.0331515700358895	0.05460151262062912
0.018127090301003346	1.131192892652909	0.05428945203078851
0.01842809364548495	1.1727453502556413	0.053972194825776865
0.018729096989966557	0.9699481117986656	0.05365287418895856
0.01903010033444816	0.9360828191799306	0.05333007481635678
0.01933110367892977	1.1507055529389376	0.053003870265228584
0.019632107023411373	1.2285046834077935	0.0526743346320328
0.019933110367892977	0.8369319037660047	0.05234154252533793
0.020234113712374584	1.116551693115916	0.05200556903871063
0.02053511705685619	1.1383294535972908	0.05166648972361193
0.020836120401337796	0.8623694748349764	0.05132438056232641
0.0211371237458194	1.0304260848017468	0.05097779181123779
0.021438127090301004	1.0639134998884043	0.05062977174635294
0.021739130434782608	1.165817665267534	0.05027895055378261
0.022040133779264216	0.9348233473013681	0.04992540583555653
0.022341137123745823	1.0324270693050928	0.04956921550079521
0.022642140468227427	0.9768531800634894	0.04921045773856251
0.02294314381270903	0.7976196272538274	0.048849210990829686
0.023244147157190635	0.865634798342275	0.04848555392557116
0.023545150501672243	0.8975883126592115	0.04811956541001165
0.02384615384615385	1.09370181564192	0.04774984902274813
0.024147157190635454	1.0029634921463735	0.04737936456279649
0.02444816053511706	0.9170717984922296	0.04700678548753693
0.024749163879598662	1.0138663145076947	0.04663219137137538
0.02505016722408027	0.978713564799263	0.04625566186369795
0.025351170568561877	0.9075003379625322	0.04587727666257302
0.02565217391304348	0.8759737459200228	0.04549711548866906
0.025953177257525085	0.8655875381601753	0.04511525805940257
0.02625418060200669	0.9230521091755405	0.04473043585535166
0.026555183946488294	0.7750310742295561	0.04434536687483617
0.026856187290969905	0.6844667347553715	0.043958840450370754
0.02715719063545151	1.0264458451532184	0.043570936199140924
0.027458193979933113	0.7868132933201829	0.04318173361370476
0.027759197324414717	0.8577164931621072	0.04279131203704329
0.02806020066889632	0.9155668016995921	0.04239975063789645
0.02836120401337793	0.8177372440343205	0.042007128386394955
0.028662207357859536	1.1157606809452667	0.04161230815014055
0.02896321070234114	0.9540174100282518	0.04121775456254248
0.029264214046822744	0.8071332130095925	0.040822376093428946
0.029565217391304348	0.8390907987019254	0.04042625083436071
0.02986622073578596	0.7011676370991756	0.04002945656293037
0.030167224080267563	0.8544206657247437	0.03963207071970529
0.030468227424749167	0.8113038479002472	0.03923417038551262
0.03076923076923077	0.796186716503284	0.03883583225907403
0.031070234113712375	0.8232285624525657	0.038436059935215906
0.031371237458193986	0.729620125789296	0.03803704147045856
0.03167224080267559	0.863193145854297	0.03763781375853605
0.031973244147157194	0.8737311639603582	0.03723845188969442
0.0322742474916388	0.6538803261409586	0.03683903046558933
0.0325752508361204	0.8045953778948616	0.03643962357859347
0.03287625418060201	0.8042119755404965	0.03604030479149066
0.03317725752508362	0.7592141433978049	0.03564114711756215
0.03347826086956522	0.6588333456556228	0.035241307349155
0.033779264214046825	0.7140392783443785	0.03484266761561052
0.03408026755852843	0.6799480470232012	0.034444405875118426
0.03438127090301004	0.7274209559246541	0.03404659286848218
0.034682274247491644	0.5539291372627321	0.033649298691904056
0.03498327759197325	0.7119644454382574	0.03325259277905026
0.03528428093645485	0.6393507608068768	0.03285654388353675
0.035585284280936456	0.6385695857267848	0.032460486923297296
0.03588628762541807	0.7257407914010278	0.03206594468128288
0.03618729096989967	0.5842399592518502	0.03167226296970096
0.036488294314381275	0.6300007756425265	0.031279507752950124
0.03678929765886288	0.6644652171783153	0.03088774423198325
0.037090301003344484	0.4671784529108123	0.030497036828998438
0.037391304347826095	0.6375018148341355	0.030107449172570806
0.0376923076923077	0.5503960969876073	0.029719044083226967
0.0379933110367893	0.514811968626347	0.0293313248749376
0.03829431438127091	0.6601984838518203	0.028945470005302894
0.03859531772575251	0.5138012894583033	0.028560982869458903
0.03889632107023412	0.49260241393484305	0.028177922997000796
0.039197324414715726	0.43006357254002503	0.027796349041035163
0.03949832775919733	0.6325971101592358	0.027416318766143616
0.039799331103678934	0.6256569236768018	0.027037889036799614
0.04010033444816054	0.5129961264710143	0.02666073535590075
0.04040133779264214	0.5272225977830552	0.026285681725311684
0.04070234113712375	0.535373829626418	0.025912395451231075
0.04100334448160536	0.45206608935152015	0.025540929749945197
0.04130434782608696	0.48258200297621723	0.02517133688329526
0.04160535117056857	0.45616960663997475	0.024803668149592444
0.041906354515050176	0.5717090502253872	0.024437973874989673
0.04220735785953178	0.5483726291703648	0.024074093774058697
0.042508361204013384	0.4541802134748022	0.02371251055587715
0.04280936454849499	0.4412791435172058	0.023353048575785892
0.04311036789297659	0.5375779773501338	0.02299575423682147
0.0434113712374582	0.4688817717248196	0.022640672930205403
0.04371237458193981	0.4338109050339398	0.022287849029264534
0.04401337792642141	0.48230959560561454	0.02193732588380319
0.044314381270903015	0.4347735737837046	0.021589145814923882
0.04461538461538462	0.4303905642354551	0.021243324011006433
0.04491638795986623	0.4127275013928289	0.020899975557366803
0.045217391304347834	0.42143220528673964	0.02055909260863351
0.04551839464882944	0.4857454673572838	0.020220713352811667
0.04581939799331104	0.44704452085445234	0.019884874926544213
0.046120401337792646	0.36539062843294723	0.0195516134124641
0.04642140468227426	0.37790634093534187	0.019220963836980916
0.04672240802675586	0.3844591523678984	0.01889309195922617
0.047023411371237465	0.3405830872955917	0.018567794427028602
0.04732441471571907	0.3541028817192886	0.018245209132768173
0.047625418060200674	0.3377717860262436	0.01792536687591269
0.047926421404682285	0.3653180564307147	0.017608297391777147
0.04822742474916389	0.40889649163265496	0.01729402935177278
0.04852842809364549	0.38859905463161865	0.016982590364067993
0.0488294314381271	0.3557690134258502	0.016674284791747266
0.0491304347826087	0.32231507982180596	0.016368613369653943
0.04943143812709031	0.2998180205589425	0.016065848892791414
0.049732441471571916	0.277051757488108	0.015766014731244792
0.05003344481605352	0.2892674905387003	0.015469133198158229
0.050334448160535124	0.2874736646938785	0.0151752255527376
0.05063545150501673	0.2595745606176927	0.014884312003635741
0.05093645484949834	0.3148963031287236	0.01459682235547779
0.05123745819397994	0.2957396631191613	0.014311986815278264
0.05153846153846155	0.2605112108177837	0.014030201009074783
0.05183946488294315	0.2750836477350855	0.013751480975268444
0.052140468227424755	0.26831804959343714	0.013475841721437329
0.052441471571906366	0.23784891882348047	0.013203297229895775
0.05274247491638797	0.25430791886213283	0.01293386046360027
0.053043478260869574	0.24928118032090307	0.012668072380492224
0.05334448160535118	0.21936256857261985	0.012404920757207637
0.05364548494983278	0.25571301909688726	0.012144910797180632
0.05394648829431439	0.23196074160720165	0.011888051434569653
0.054247491638796	0.23598476322113943	0.011634350616259472
0.0545484949832776	0.22916081351068804	0.011383815309732172
0.054849498327759205	0.23762078400152226	0.01113645151124344
0.05515050167224081	0.26815123803572116	0.01089289606963457
0.05545150501672241	0.20105799595133036	0.01065192482009835
0.055752508361204024	0.22713886872132555	0.010414138244730696
0.05605351170568563	0.23069297010609768	0.010179538519289065
0.05635451505016723	0.22133073481912954	0.009948126891435786
0.056655518394648836	0.20927137106351762	0.009719903690635932
0.05695652173913044	0.19763151071566926	0.009494868338314779
0.05725752508361205	0.1696813372260068	0.009273737553515552
0.057558528428093655	0.20071389827637834	0.009055107652659402
0.05785953177257526	0.14691531601338326	0.008839659255313704
0.058160535117056864	0.17694400729481302	0.008627388229576144
0.05846153846153847	0.16177397945839925	0.008418289588185203
0.05876254180602008	0.20010893768308124	0.008212357500128553
0.05906354515050168	0.1532294124126083	0.008009585302462287
0.05936454849498329	0.1546145433456654	0.00781075306919991
0.05966555183946489	0.16245504511780526	0.007614311393336308
0.059966555183946495	0.14345851865080464	0.0074210053006895415
0.060267558528428106	0.14396309493345252	0.007230824892103526
0.06056856187290971	0.13282655641670948	0.007043759497077644
0.060869565217391314	0.14073320924405253	0.006859797686746803
0.06117056856187292	0.14064197988503277	0.006678927287021458
0.06147157190635452	0.13404001791764966	0.006501975013121263
0.06177257525083613	0.12165303226126489	0.006327280270374748
0.06207357859531774	0.11919111486931913	0.006155636456638972
0.06237458193979934	0.12391830106472376	0.005987028519059441
0.06267558528428094	0.12058249233838013	0.0058214407263106165
0.06297658862876254	0.0979197600954677	0.0056588566825952445
0.06327759197324416	0.09644740015178646	0.005499259341752339
0.06357859531772576	0.1104402224590514	0.005343505461436695
0.06387959866220737	0.1294606000898987	0.00518985786262117
0.06418060200668897	0.11316726256384857	0.005039142285208997
0.06448160535117058	0.10170051182076958	0.004891339192023579
0.06478260869565218	0.0820641925613826	0.0047464284666546425
0.06508361204013378	0.10033095432569042	0.004604389428120476
0.06538461538461539	0.09380584824049754	0.004465200845587942
0.06568561872909699	0.09279722651902407	0.004329733352650358
0.0659866220735786	0.08830570840402109	0.00419620717213065
0.06628762541806021	0.07585090914981311	0.004065464673974373
0.06658862876254182	0.0956144302896279	0.003937482544207426
0.06688963210702342	0.07426700779272313	0.0038122369927190295
0.06719063545150503	0.0731860054593911	0.0036897037682353004
0.06749163879598663	0.08363803739239993	0.0035698581733012423
0.06779264214046823	0.05920057065758064	0.0034535692916237933
0.06809364548494984	0.06594699479330608	0.0033390474471753405
0.06839464882943144	0.06628230256838824	0.0032271365536603114
0.06869565217391305	0.06518671132154767	0.0031178102484198775
0.06899665551839465	0.06414948052338587	0.0030110417971643843
0.06929765886287625	0.06206144558446876	0.002906804108919709
0.06959866220735787	0.054975413982752394	0.0028050697509356425
0.06989966555183948	0.05220800901559531	0.0027066918600781574
0.07020066889632108	0.052108003148919085	0.0026099016429546214
0.07050167224080268	0.04950994773380231	0.0025155303867766743
0.07080267558528429	0.049153739789238135	0.002423549411886585
0.07110367892976589	0.04526617915981149	0.002333929770571353
0.0714046822742475	0.03729969525021288	0.002246642261664315
0.0717056856187291	0.038284652539771306	0.0021616574450661202
0.0720066889632107	0.04578611416548839	0.0020797994009217006
0.07230769230769231	0.04297742118084462	0.001999348511132106
0.07260869565217391	0.04003262113993082	0.0019211104451276055
0.07290969899665552	0.03751399945570268	0.0018450549254371278
0.07321070234113713	0.03137307065521524	0.0017711515070048729
0.07351170568561874	0.03423361232696844	0.001699369591157268
0.07381270903010034	0.03242759353262073	0.0016296784394511593
0.07411371237458195	0.0300210179726093	0.001562861472605917
0.07441471571906355	0.028991775907193488	0.0014972735581093362
0.07471571906354516	0.024100052807928863	0.0014336831624807227
0.07501672240802676	0.028578943652278747	0.0013720591023416457
0.07531772575250836	0.028032396895810222	0.0013123701221296209
0.07561872909698997	0.027021710438265616	0.0012545849071738148
0.07591973244147157	0.022707265766732414	0.0011986720966191342
0.07622073578595318	0.024576589199870442	0.0011453645319359589
0.0765217391304348	0.02228668478566781	0.0010931134919216824
0.0768227424749164	0.021546609280491236	0.001042640246067663
0.077123745819398	0.021069423524413586	0.000993913356528473
0.0774247491638796	0.017404286364328902	0.0009469014018879834
0.07772575250836121	0.016280534076567557	0.0009015729891250798
0.07802675585284281	0.017917063776174198	0.0008578967654006856
0.07832775919732442	0.01714804029329856	0.0008165468829083511
0.07862876254180602	0.016766533035425274	0.0007760892719824141
0.07892976588628763	0.015493577362327527	0.0007371897397306084
0.07923076923076923	0.016029095830085143	0.0006998171934631888
0.07953177257525085	0.011635050094985527	0.0006639406373045759
0.07983277591973245	0.01241477694196799	0.0006295291828714893
0.08013377926421406	0.011865345418715144	0.0005971863230725471
0.08043478260869566	0.011820924541185556	0.000565618506276834
0.08073578595317726	0.009807283198848032	0.0005354234653572198
0.08103678929765887	0.01060436543559735	0.0005065708328880592
0.08133779264214047	0.008828038718893769	0.00047903039980034867
0.08163879598662208	0.007929155141344695	0.00045277212485064777
0.08193979933110368	0.008376465350809667	0.00042776614387708814
0.08224080267558528	0.009330282395242015	0.0004045492440093955
0.0825418060200669	0.0075016705250164845	0.00038196203886706995
0.0828428093645485	0.006973438677421875	0.000360538276829168
0.08314381270903011	0.007641010541287998	0.0003402488818811018
0.08344481605351171	0.006116093730521541	0.0003210649986680697
0.08374581939799332	0.0069005642915193795	0.00030295800046061704
0.08404682274247492	0.0055295473762364935	0.00028589949689781006
0.08434782608695653	0.004636524354406556	0.0002703568454816222
0.08464882943143813	0.005339939855712162	0.0002553118812435604
0.08494983277591973	0.004040215227143743	0.00024123133567786412
0.08525083612040134	0.0043032516794423905	0.0002280878315520172
0.08555183946488296	0.004249277548813061	0.00021585426390879935
0.08585284280936456	0.004580441351746595	0.00020450380647499662
0.08615384615384616	0.003369588679256203	0.0001940099178443005
0.08645484949832777	0.003203393960890015	0.00018476958184146872
0.08675585284280937	0.003108287657778563	0.00017590915481082385
0.08705685618729098	0.003289358679047121	0.00016782708065911348
0.08735785953177258	0.003234219193279022	0.00016049803315716519
0.08765886287625418	0.003355314313777364	0.00015389700863077915
0.08795986622073579	0.003137993108640955	0.00014799933305733497
0.08826086956521739	0.002738331863431507	0.00014278066928302368
0.088561872909699	0.0030993823396310346	0.00013856893714431077
0.08886287625418061	0.0025303755398036415	0.0001346340301738292
0.08916387959866222	0.002956686719858567	0.0001313069253331613
0.08946488294314382	0.002213950202895781	0.00012856471357935786
0.08976588628762543	0.002254533031775358	0.00012638486212017297
0.09006688963210703	0.0027832470117787125	0.0001247452227695451
0.09036789297658863	0.002517384772093688	0.00012362404051147156
0.09066889632107024	0.0019901834007840765	0.00012328450210290193
0.09096989966555184	0.0019345630741458945	0.00012313306160115545
0.09127090301003345	0.002374141153949684	0.00012343703769340632
0.09157190635451505	0.0025434608706492723	0.0001241763446151809
0.09187290969899667	0.0025720195413067738	0.0001253313353794499
0.09217391304347827	0.0024923102243069543	0.00012688281091508596
0.09247491638795988	0.002535663031921104	0.00012903915149061447
0.09277591973244148	0.0025936678895061133	0.0001313240666992514
0.09307692307692308	0.0030065999971483678	0.00013395048604568694
0.09337792642140469	0.0031252747720393876	0.00013690109850878957
0.09367892976588629	0.002771954526979098	0.00014015908376993004
0.0939799331103679	0.0028498428179191924	0.0001437081193678747
0.0942809364548495	0.0025944220397857384	0.00014753238718731644
0.0945819397993311	0.0026958662528272265	0.00015179029696894863
0.09488294314381272	0.0027443902848924956	0.0001561157808699289
0.09518394648829433	0.002774159699563952	0.0001606720261284444
0.09548494983277593	0.003139820320797914	0.00016544528884283278
0.09578595317725754	0.003385754426561348	0.00017042234881673306
0.09608695652173914	0.0025298304106847773	0.0001755905101526765
0.09638795986622074	0.002956986657214404	0.00018093760063326507
0.09668896321070235	0.0035772766894632785	0.000186580502847649
0.09698996655518395	0.004187067189442584	0.0001922474243494205
0.09729096989966556	0.004242563574427021	0.00019805983516788862
0.09759197324414716	0.0044247011854670806	0.0002040076343666775
0.09789297658862878	0.00309507813749559	0.0002100812226702893
0.09819397993311038	0.004256280665389507	0.00021627149429102435
0.09849498327759199	0.0040895286091920495	0.00022256982759120693
0.09879598662207359	0.004002168449613356	0.00022905989462167968
0.0990969899665552	0.004281469994407083	0.00023554723302748914
0.0993979933110368	0.004665350465564505	0.00024211956593688875
0.0996989966555184	0.005268937277876681	0.0002487701006207322
0.1	0.0053358313430709615	0.0002554924667241807
