0.08	0.010518212475298657	0.0005803028134619427
0.08307692307692308	0.009029358201663068	0.0004228942245455469
0.08615384615384615	0.006533383991137356	0.0003082434961231517
0.08923076923076922	0.005528760574611896	0.0002384301184905084
0.09230769230769231	0.004004190394250666	0.00020966981015105508
0.09538461538461539	0.0038454762706192757	0.00021355868092778787
0.09846153846153846	0.005250103425454684	0.00023932395644542487
0.10153846153846154	0.004532096997078776	0.0002767321724625361
0.10461538461538461	0.005888433098884864	0.0003145021017557232
0.1076923076923077	0.006351391020776705	0.00034654607227149563
0.11076923076923077	0.008050038995112202	0.00036821321539301716
0.11384615384615385	0.00876098815699544	0.000377119816069192
0.11692307692307692	0.007928220861880256	0.00037283880835370766
0.12	0.006558458407059122	0.000356452800719091
0.12307692307692308	0.006649678860053581	0.00033007694239595685
0.12615384615384617	0.0051194459506363026	0.00029642286738228944
0.12923076923076923	0.005199360962551307	0.0002584214328693451
0.1323076923076923	0.004226653555448544	0.00021873864579780939
0.13538461538461538	0.003687661352443896	0.00018042761845510325
0.13846153846153847	0.0026416737233220956	0.0001451889623975118
0.14153846153846156	0.0025446787609171035	0.00011449658714725072
0.14461538461538462	0.0020351667378826865	8.92444800999424e-05
0.14769230769230768	0.0011747235514298923	6.977732793119101e-05
0.15076923076923077	0.0012204267247906651	5.595997754473568e-05
0.15384615384615385	0.0010098432579753998	4.727280603358488e-05
0.15692307692307694	0.0008439153342764136	4.2920616942442854e-05
0.16	0.0008568529876175197	4.2194039851727214e-05
0.16307692307692306	0.000912543234320015	4.352598269866149e-05
0.16615384615384615	0.0008703845874642216	4.621237658521729e-05
0.16923076923076924	0.0009051373671676342	4.937422554792984e-05
0.17230769230769233	0.000999325714333278	5.2287662318736364e-05
0.1753846153846154	0.0010646922696885691	5.4413101312412834e-05
0.17846153846153845	0.0011402047322636127	5.5404356640939254e-05
0.18153846153846154	0.0010280979562559739	5.510048170499553e-05
0.18461538461538463	0.0009826434832067219	5.3425086703071844e-05
0.1876923076923077	0.0010244712275589314	5.066498167045813e-05
0.19076923076923077	0.0010020817127178827	4.698670959967912e-05
0.19384615384615383	0.0008241011117916867	4.2677567440870846e-05
0.19692307692307692	0.0006136029428371712	3.804534714149302e-05
0.2	0.0006530503707902386	3.338692532325633e-05
0.2030769230769231	0.0004215798718845762	2.8963316792769165e-05
0.20615384615384613	0.0005126792953122196	2.4982164747211474e-05
0.20923076923076922	0.00043431718004458914	2.161442775079324e-05
0.2123076923076923	0.00041610327443025513	1.8897650140443694e-05
0.2153846153846154	0.0003392699931431281	1.6859393677781342e-05
0.21846153846153848	0.0003326146922576468	1.5460520696901992e-05
0.22153846153846152	0.00031072585584663974	1.4619734692422544e-05
0.2246153846153846	0.0003090551050235081	1.4227058579113639e-05
0.2276923076923077	0.0002606048597147056	1.4157606384050454e-05
0.23076923076923078	0.00029256400947635816	1.4284415095398198e-05
0.23384615384615387	0.00033128887565312694	1.4506305486980852e-05
0.2369230769230769	0.0003087860804924383	1.4682500934170637e-05
0.24	0.0002760381826169219	1.4757586647694003e-05
0.24307692307692308	0.0002620593877049612	1.4679825873687254e-05
0.24615384615384617	0.00027053574091236935	1.4423139506795224e-05
0.24923076923076926	0.00022836450579613986	1.3984922343220402e-05
0.2523076923076923	0.0002510958232511676	1.3382195309667394e-05
0.2553846153846154	0.00027252942037617856	1.2646695528317024e-05
0.25846153846153846	0.00023749223611070538	1.1812346397401846e-05
0.26153846153846155	0.00024169721989625157	1.0939187093304623e-05
0.26461538461538464	0.0002204818230038883	1.0064747276873126e-05
0.2676923076923077	0.0002091874325197152	9.22859524144743e-06
0.27076923076923076	0.00014652601745085626	8.462688771467081e-06
0.27384615384615385	0.00017238243293702057	7.78965912763963e-06
0.27692307692307694	0.00016498437333896295	7.222200266275513e-06
0.28	0.0001223573473829993	6.767009975614628e-06
0.28307692307692306	0.00012277188797067706	6.413178519131663e-06
0.28615384615384615	0.0001339070582910881	6.1505114530211705e-06
0.28923076923076924	0.00011441411284661136	5.962241154088032e-06
0.2923076923076923	0.00011802561868453573	5.829090826222225e-06
0.2953846153846154	0.00013124077516833682	5.731288580841477e-06
0.29846153846153844	0.0001025021465412382	5.650305675097159e-06
0.30153846153846153	0.00013271441010107365	5.574618952668417e-06
0.3046153846153846	0.00011847481515411362	5.48251974804085e-06
0.3076923076923077	0.00010336495116912595	5.370207256396251e-06
0.3107692307692308	0.00011005970653367375	5.23330002372603e-06
0.31384615384615383	0.00011983844379835912	5.071127475139198e-06
0.3169230769230769	9.67461937213622e-05	4.886138661918584e-06
0.32	8.656827214375041e-05	4.683135571425458e-06
0.3230769230769231	9.52273293280422e-05	4.468426927485635e-06
0.3261538461538462	7.166194930693844e-05	4.248582123689974e-06
0.3292307692307692	7.673186527817295e-05	4.030995566887786e-06
0.3323076923076923	7.764131902083913e-05	3.821907411105672e-06
0.3353846153846154	6.788400791049705e-05	3.62633744090693e-06
0.3384615384615385	5.869878660011123e-05	3.447842055220434e-06
0.34153846153846157	5.7289619856429185e-05	3.288412586345522e-06
0.34461538461538466	5.400540187961676e-05	3.1485300117650488e-06
0.3476923076923077	6.194217898308856e-05	3.0275174026177378e-06
0.3507692307692308	4.739778737212033e-05	2.923502706617323e-06
0.35384615384615387	6.690099891138458e-05	2.833649347353756e-06
0.35692307692307695	5.068204250852876e-05	2.754863314103981e-06
0.36000000000000004	5.650628883418646e-05	2.683960400191739e-06
0.3630769230769231	4.8117436939539834e-05	2.6179416551556118e-06
0.36615384615384616	5.021560879067847e-05	2.554208038785527e-06
0.36923076923076925	4.5904236057916384e-05	2.49216292360435e-06
0.37230769230769234	4.7556757947572906e-05	2.4274783942744093e-06
0.37538461538461537	4.474779480937876e-05	2.360696298246382e-06
0.37846153846153846	4.8534528559855504e-05	2.29159094201904e-06
0.38153846153846155	3.6679611586013135e-05	2.2204318035598327e-06
0.38461538461538464	3.583045693530311e-05	2.147864928005714e-06
0.3876923076923077	4.067994381322468e-05	2.0747816121392707e-06
0.39076923076923076	3.8185480772439256e-05	2.00259486133407e-06
0.39384615384615385	4.53046863400767e-05	1.931323800767319e-06
0.39692307692307693	3.184873484179318e-05	1.8624694577359143e-06
0.4	4.1912077092331e-05	1.7967779706745732e-06
0.4030769230769231	2.748208819662589e-05	1.7347770239595317e-06
0.40615384615384614	3.672833201439755e-05	1.6767582282395944e-06
0.40923076923076923	2.739752906709264e-05	1.6227837472682708e-06
0.4123076923076923	3.3763319301318474e-05	1.572692905155457e-06
0.4153846153846154	3.2841743960754295e-05	1.5262816926125456e-06
0.4184615384615385	3.593702875066749e-05	1.4830771752334422e-06
0.42153846153846153	3.0352801436481795e-05	1.44258668445215e-06
0.4246153846153846	2.6394400362023358e-05	1.404298743116071e-06
0.4276923076923077	3.169831841473175e-05	1.3677253837348408e-06
0.4307692307692308	2.7780658780012087e-05	1.33243547705251e-06
0.4338461538461539	2.5097478926922924e-05	1.2984930734461313e-06
0.4369230769230769	2.2265099360766862e-05	1.2648623226756348e-06
0.44	2.537025703742953e-05	1.2317193908001774e-06
0.4430769230769231	2.634955130997426e-05	1.1989837275397885e-06
0.4461538461538462	2.306568656021772e-05	1.1666518530602564e-06
0.44923076923076927	2.3371133860930316e-05	1.1347803374641813e-06
0.4523076923076923	2.2631862062328562e-05	1.1034665775411961e-06
0.4553846153846154	2.3046575067940993e-05	1.0731442626183768e-06
0.4584615384615385	1.898690252788318e-05	1.0432658762439566e-06
0.46153846153846156	1.8268389337421022e-05	1.0142932808517625e-06
0.46461538461538465	2.1482310158974955e-05	9.86320127102399e-07
0.4676923076923077	1.947801523197096e-05	9.594106508864248e-07
0.4707692307692308	1.7001226457821213e-05	9.335961830441343e-07
0.47384615384615386	1.5859785118600556e-05	9.088752985667986e-07
0.47692307692307695	1.9198896827514207e-05	8.85294039004958e-07
0.48000000000000004	1.8198593489810537e-05	8.626359764482834e-07
0.48307692307692307	1.6157453678297022e-05	8.409218463353358e-07
0.48615384615384616	1.6206431987896996e-05	8.200682228308197e-07
0.48923076923076925	1.6376160710456492e-05	7.999875192662289e-07
0.49230769230769234	1.810478846042274e-05	7.80594313938861e-07
0.4953846153846154	1.4539258311940977e-05	7.618105015276768e-07
0.49846153846153846	1.2279561810677768e-05	7.436908048607465e-07
0.5015384615384615	1.4415165550718338e-05	7.259597775239161e-07
0.5046153846153846	1.556818392319882e-05	7.086762599409162e-07
0.5076923076923077	1.6162722322438528e-05	6.918118457340618e-07
0.5107692307692308	1.324870956670707e-05	6.75350186001425e-07
0.5138461538461538	1.3337523418651876e-05	6.592848001695982e-07
0.5169230769230769	1.2489984918655141e-05	6.436164472596248e-07
0.52	1.3211922112531529e-05	6.285106233900397e-07
0.5230769230769231	1.1901935430781288e-05	6.136522576568663e-07
0.5261538461538462	1.3363901589023192e-05	5.992057538951395e-07
0.5292307692307692	9.8956022546386e-06	5.85176112631529e-07
0.5323076923076923	1.1335275786220853e-05	5.71565046584788e-07
0.5353846153846153	1.088686027269534e-05	5.583701940635199e-07
0.5384615384615384	1.2098618795920916e-05	5.456807571722669e-07
0.5415384615384615	1.287376048765736e-05	5.332851082238008e-07
0.5446153846153846	1.1709099328665621e-05	5.212747459683251e-07
0.5476923076923077	1.0773177726240981e-05	5.09633460862487e-07
0.5507692307692308	8.90138623125465e-06	4.983431696024834e-07
0.5538461538461539	8.93102022858464e-06	4.873848868211245e-07
0.556923076923077	1.0396251990946862e-05	4.767396558453799e-07
0.5599999999999999	9.025581592466978e-06	4.664439574529397e-07
0.563076923076923	1.1114148192255627e-05	4.563749719435198e-07
0.5661538461538461	1.0087702423946613e-05	4.4657130818695816e-07
0.5692307692307692	1.0486851716387411e-05	4.3702000282424997e-07
0.5723076923076923	8.89897234834868e-06	4.2771019543463116e-07
0.5753846153846154	8.067372561873485e-06	4.186330456549527e-07
0.5784615384615385	7.5117303937621366e-06	4.097815149335879e-07
0.5815384615384614	7.910236351141565e-06	4.0122061673273787e-07
0.5846153846153845	7.82045981081264e-06	3.92809111186027e-07
0.5876923076923076	7.766926413343718e-06	3.846084451612499e-07
0.5907692307692307	7.130487722279999e-06	3.7661503236284866e-07
0.5938461538461538	7.172298704034391e-06	3.6882542524090705e-07
0.5969230769230769	4.705576060605078e-06	3.6123605357476665e-07
0.6	7.501751725448209e-06	3.538430299521604e-07
0.6030769230769231	7.132968935168541e-06	3.467050257195418e-07
0.6061538461538462	6.976691923377085e-06	3.3968922292237465e-07
0.6092307692307692	6.353896195276212e-06	3.3285488287055907e-07
0.6123076923076922	6.815600098204865e-06	3.2619659404198073e-07
0.6153846153846153	5.831719282744828e-06	3.197086550347558e-07
0.6184615384615384	5.858727576839518e-06	3.1338518550023884e-07
0.6215384615384615	6.786390091330709e-06	3.072202509010922e-07
0.6246153846153846	5.650080039749809e-06	3.0124863512396317e-07
0.6276923076923077	5.456275576318267e-06	2.9538279619875514e-07
0.6307692307692307	6.336558843925003e-06	2.8965917739861243e-07
0.6338461538461538	6.032589657700994e-06	2.840727495640103e-07
0.6369230769230769	5.8126281083276535e-06	2.786188347721723e-07
0.64	5.363893535995548e-06	2.732931320826319e-07
0.643076923076923	4.509583134362653e-06	2.680917199662705e-07
0.6461538461538461	5.389531008304197e-06	2.6304850993156854e-07
0.6492307692307692	5.4817629027535485e-06	2.5808700106203577e-07
0.6523076923076923	5.603144929101189e-06	2.532399920249368e-07
0.6553846153846153	5.339852639879293e-06	2.4850461667465396e-07
0.6584615384615384	5.590857910720231e-06	2.4387818589015605e-07
0.6615384615384615	4.241255383305762e-06	2.39358137852481e-07
0.6646153846153846	5.044392471411211e-06	2.3497850196514403e-07
0.6676923076923077	4.510575519516753e-06	2.3066430461148282e-07
0.6707692307692307	4.867085749421234e-06	2.2644883534972527e-07
0.6738461538461538	4.165406883204416e-06	2.2232966802797847e-07
0.6769230769230768	4.6283616787701365e-06	2.1830437417060808e-07
0.6799999999999999	4.210995251898432e-06	2.143705159267699e-07
0.683076923076923	4.099805746801318e-06	2.105256466516868e-07
0.6861538461538461	4.091334800591548e-06	2.0679686847822574e-07
0.6892307692307692	4.47648762500358e-06	2.0312220369869964e-07
0.6923076923076923	3.760730241086284e-06	1.9952926757129074e-07
0.6953846153846154	3.7361728117726296e-06	1.960157464991438e-07
0.6984615384615385	3.7762940464397083e-06	1.925793789369354e-07
0.7015384615384614	3.784927819929732e-06	1.8921796909343953e-07
0.7046153846153845	3.6822447095145687e-06	1.859293991779031e-07
0.7076923076923076	3.196826402083194e-06	1.827353037139113e-07
0.7107692307692307	3.194648949573325e-06	1.7958668024701342e-07
0.7138461538461538	3.3718612114908237e-06	1.765051988851559e-07
0.7169230769230769	3.2032960658802124e-06	1.7348909300682073e-07
0.72	3.4468942150323845e-06	1.7053668182693706e-07
0.7230769230769231	3.0553359856557998e-06	1.676463662180951e-07
0.7261538461538461	3.020695510055267e-06	1.6481662223817573e-07
0.7292307692307692	3.3971890620486317e-06	1.6206801378954057e-07
0.7323076923076922	2.874475896696186e-06	1.5935550022023794e-07
0.7353846153846153	2.7635580235502343e-06	1.5669929076902226e-07
0.7384615384615384	2.822372320282913e-06	1.5409805796359945e-07
0.7415384615384615	3.113785252031239e-06	1.515505112827883e-07
0.7446153846153846	2.9786782903563787e-06	1.4905539032700646e-07
0.7476923076923077	2.9806574547782023e-06	1.4663106662279367e-07
0.7507692307692307	2.335607485561524e-06	1.4423716805886974e-07
0.7538461538461538	2.9957882866606813e-06	1.4189199396166847e-07
0.7569230769230769	3.326779342087727e-06	1.3959437599950593e-07
0.76	2.854657544046124e-06	1.3734316505401424e-07
0.763076923076923	2.4563432931418788e-06	1.3513723147916476e-07
0.7661538461538461	2.6250541709931974e-06	1.3297546635547297e-07
0.7692307692307692	2.296432014997999e-06	1.3087326601311095e-07
0.7723076923076923	2.81850637713265e-06	1.2879660504420811e-07
0.7753846153846153	2.488638546750522e-06	1.2676095628774483e-07
0.7784615384615384	2.6997796901254182e-06	1.2476532164152252e-07
0.7815384615384615	2.218629937419263e-06	1.2280873190254847e-07
0.7846153846153846	2.7436455679822724e-06	1.2089024818992728e-07
0.7876923076923077	2.1301222885691376e-06	1.190089628640532e-07
0.7907692307692308	2.351240463164016e-06	1.1717837524374688e-07
0.7938461538461538	2.5109103319014593e-06	1.1536904196715335e-07
0.7969230769230768	2.006243807725837e-06	1.1359437979664803e-07
0.7999999999999999	2.3437123476418656e-06	1.1185359532652715e-07
0.803076923076923	2.6942510925370754e-06	1.1014592170342984e-07
0.8061538461538461	2.02789198473338e-06	1.084706168487852e-07
0.8092307692307692	2.231673192290861e-06	1.0682696142817716e-07
0.8123076923076923	2.256546138446545e-06	1.0522729718783101e-07
0.8153846153846154	2.1642310707691404e-06	1.0364497063250367e-07
0.8184615384615385	1.974657763627061e-06	1.0209223220074397e-07
0.8215384615384616	1.721665593538256e-06	1.0056843294090587e-07
0.8246153846153845	2.072716557350956e-06	9.907293873732493e-08
0.8276923076923076	2.1578063180964484e-06	9.760512912945125e-08
0.8307692307692307	1.8720395637989525e-06	9.617586578402763e-08
0.8338461538461538	2.0036088387670115e-06	9.476165407858784e-08
0.8369230769230769	1.927493080246514e-06	9.337333420480273e-08
0.84	1.8794207181055061e-06	9.201033816700791e-08
0.8430769230769231	2.1314191913321143e-06	9.0672110146048e-08
0.8461538461538461	1.8667336316643997e-06	8.935810664306266e-08
0.8492307692307692	1.6632470808532435e-06	8.806779673769061e-08
0.8523076923076923	1.746873981992636e-06	8.681069777506783e-08
0.8553846153846153	1.5911750960637034e-06	8.556628393209531e-08
0.8584615384615384	1.5961067159183427e-06	8.434405442140805e-08
0.8615384615384615	1.8579561363404907e-06	8.314353101627965e-08
0.8646153846153846	1.5196042141050787e-06	8.196424839732095e-08
0.8676923076923077	1.757636895047515e-06	8.080575407468149e-08
0.8707692307692307	1.9021716120023619e-06	7.966760818020064e-08
0.8738461538461538	1.2852047042284646e-06	7.855834417969384e-08
0.8769230769230769	1.5129820561650491e-06	7.74596725545232e-08
0.88	1.498841069319755e-06	7.638008329223416e-08
0.883076923076923	1.1072872697563583e-06	7.531917414743e-08
0.8861538461538461	1.3197235691924741e-06	7.427655142798172e-08
0.8892307692307692	1.6857772825907193e-06	7.325182914437593e-08
0.8923076923076922	1.2881927338261756e-06	7.224462813683772e-08
0.8953846153846153	1.4279181999892434e-06	7.126251365228005e-08
0.8984615384615384	1.1971864747331562e-06	7.028925544333722e-08
0.9015384615384615	1.4268567075671943e-06	6.933240544741146e-08
0.9046153846153846	1.1886337158407358e-06	6.83916038886408e-08
0.9076923076923077	1.3586463583214988e-06	6.746649414769901e-08
0.9107692307692308	1.4268317295294056e-06	6.655672212604601e-08
0.9138461538461538	1.1395573549631425e-06	6.566876137499142e-08
0.9169230769230768	1.3721601932425166e-06	6.478859506857252e-08
0.9199999999999999	1.3559084033642872e-06	6.3922709160485e-08
0.923076923076923	1.1677777862808992e-06	6.307075506189363e-08
0.9261538461538461	1.3654832969394555e-06	6.223238440399279e-08
0.9292307692307692	1.2116667498817166e-06	6.140724873599735e-08
0.9323076923076923	1.3320420236795667e-06	6.059499927520867e-08
0.9353846153846154	1.1162876826202488e-06	5.980102029049769e-08
0.9384615384615385	9.817167299962535e-07	5.901346234742984e-08
0.9415384615384615	1.0791109633212752e-06	5.823773661065942e-08
0.9446153846153845	1.391697867422311e-06	5.7473491104026554e-08
0.9476923076923076	1.0910502740078377e-06	5.6720372905395946e-08
0.9507692307692307	1.1236008929755607e-06	5.59780282092754e-08
0.9538461538461538	1.1015136189487574e-06	5.5246102446831654e-08
0.9569230769230769	1.0944271425857572e-06	5.4528941501466265e-08
0.96	1.158463412466506e-06	5.38167374827946e-08
0.963076923076923	1.017077931898862e-06	5.3113881209190457e-08
0.9661538461538461	1.1234094914099577e-06	5.2420017374747676e-08
0.9692307692307692	1.0683543929121903e-06	5.173479154402921e-08
0.9723076923076923	1.0968755256760546e-06	5.1057850663421236e-08
0.9753846153846153	9.525992751171387e-07	5.038884362698954e-08
0.9784615384615384	8.789468713955912e-07	4.973112759812822e-08
0.9815384615384615	9.946730518645752e-07	4.9076877253037653e-08
0.9846153846153846	1.0362475842481423e-06	4.84295213110049e-08
0.9876923076923076	9.05248230355626e-07	4.778872317943597e-08
0.9907692307692307	1.053922747810481e-06	4.71541516157432e-08
0.9938461538461538	9.743183947267216e-07	4.6525481428423196e-08
0.9969230769230769	1.0027845383842486e-06	4.590523867522352e-08
1.0	1.036883575490316e-06	4.5287349156989565e-08
