0.08	0.00971979211134034	0.0004771378688464865
0.08307692307692308	0.005727955520565226	0.0003477130290707832
0.08615384615384615	0.004556164891498292	0.00025344465236792484
0.08923076923076922	0.004268659734591391	0.00019604254186997357
0.09230769230769231	0.004183365526372771	0.000172395177235312
0.09538461538461539	0.00346377700612974	0.00017559269320729224
0.09846153846153846	0.004056222322669416	0.0001967774752995716
0.10153846153846154	0.004015683842702708	0.00022753534180252968
0.10461538461538461	0.005544107576225164	0.00025859061699915023
0.1076923076923077	0.00592716644944161	0.00028493788164545204
0.11076923076923077	0.006272900743247043	0.0003027530882120364
0.11384615384615385	0.005077690458336179	0.00031007629321244673
0.11692307692307692	0.007436113840909951	0.0003065563535352707
0.12	0.005782763443146879	0.000293083413924586
0.12307692307692308	0.0049030041069310325	0.00027139659708112004
0.12615384615384617	0.005259065307227191	0.0002437254687365491
0.12923076923076923	0.004398406603460217	0.00021247984480368375
0.1323076923076923	0.0032654021416292506	0.00017985177543375429
0.13538461538461538	0.0032927110484814483	0.00014835159739641818
0.13846153846153847	0.002290470661426156	0.00011937759130462077
0.14153846153846156	0.0018422622766277343	9.414163832107282e-05
0.14461538461538462	0.001672846934666192	7.337879474884153e-05
0.14769230769230768	0.0010500928978754674	5.73724696323126e-05
0.15076923076923077	0.0010155889223931707	4.601153709233823e-05
0.15384615384615385	0.0007682862709706748	3.886875162761423e-05
0.15692307692307694	0.0008497095676605862	3.529028504156412e-05
0.16	0.0007197815561828882	3.469287721142015e-05
0.16307692307692306	0.0008091637051928654	3.578803021889944e-05
0.16615384615384615	0.0008196258190385484	3.799684297006755e-05
0.16923076923076924	0.0008785225944869795	4.059658545052009e-05
0.17230769230769233	0.0009380763773321858	4.299207790651655e-05
0.1753846153846154	0.0007692338598184799	4.4739661079094996e-05
0.17846153846153845	0.0008104978627391569	4.555469323810562e-05
0.18153846153846154	0.0011800066511629577	4.5304840512996326e-05
0.18461538461538463	0.0008558777326241019	4.392729351141463e-05
0.1876923076923077	0.0009058178728036186	4.165787381793224e-05
0.19076923076923077	0.0007683033342137957	3.863351678195839e-05
0.19384615384615383	0.0007580501798993515	3.50904443402716e-05
0.19692307692307692	0.0006016453575526859	3.1281729871894254e-05
0.2	0.0005895394602958391	2.7451471932455204e-05
0.2030769230769231	0.0004778870381393733	2.3814282696276875e-05
0.20615384615384613	0.0003326994096769868	2.054089101437388e-05
0.20923076923076922	0.00035570110149917104	1.7771862817318887e-05
0.2123076923076923	0.00032844410118985993	1.5538067893253708e-05
0.2153846153846154	0.0002875137471358267	1.386216813506466e-05
0.21846153846153848	0.00025915026677029643	1.2711983684119419e-05
0.22153846153846152	0.0002800834574970211	1.202067074710298e-05
0.2246153846153846	0.00019236556556455152	1.1697803720604549e-05
0.2276923076923077	0.0002296621751142546	1.1640698582441482e-05
0.23076923076923078	0.00024561188437398254	1.1744963522882961e-05
0.23384615384615387	0.00022652267648815314	1.1927406733739809e-05
0.2369230769230769	0.0002098026521280006	1.2072278545873635e-05
0.24	0.000244243475186819	1.2134015688103963e-05
0.24307692307692308	0.00022567307475126545	1.2070079051698408e-05
0.24615384615384617	0.00024276551631067717	1.1859025816698298e-05
0.24923076923076926	0.00025241545845355	1.1498713926647887e-05
0.2523076923076923	0.00019344343277529868	1.100313836572653e-05
0.2553846153846154	0.00020252262517153128	1.0398394101060664e-05
0.25846153846153846	0.00018417825678553677	9.712373704530406e-06
0.26153846153846155	0.00016957939289112499	8.99444272116158e-06
0.26461538461538464	0.0001664021006670947	8.275458872095682e-06
0.2676923076923077	0.00013321790794643395	7.587956087412332e-06
0.27076923076923076	0.00013620277012027875	6.9582107676507105e-06
0.27384615384615385	0.00011087537735953747	6.404830838281476e-06
0.27692307692307694	0.00012893149284402055	5.938253552270979e-06
0.28	0.0001193255642788695	5.563985979949803e-06
0.28307692307692306	0.00012299131275493228	5.273057893508256e-06
0.28615384615384615	9.798801428665518e-05	5.057087194706295e-06
0.28923076923076924	9.601643249204334e-05	4.9022871711390496e-06
0.2923076923076923	9.365012160807136e-05	4.792808012671607e-06
0.2953846153846154	9.58208060239714e-05	4.7123928331363254e-06
0.29846153846153844	0.00010627562067178671	4.645806888413219e-06
0.30153846153846153	9.170597256714438e-05	4.583575583305144e-06
0.3046153846153846	7.91084422198077e-05	4.507849570611366e-06
0.3076923076923077	8.805195458690369e-05	4.415503744148029e-06
0.3107692307692308	9.987817294498661e-05	4.3029355750636265e-06
0.31384615384615383	8.535395803400111e-05	4.169593701781118e-06
0.3169230769230769	7.8546314747394e-05	4.0174917886886144e-06
0.32	8.527154167315356e-05	3.850578136505376e-06
0.3230769230769231	6.651601101329086e-05	3.6740399181548567e-06
0.3261538461538462	6.807050654233784e-05	3.49327863503398e-06
0.3292307692307692	6.247248463214002e-05	3.3143741327744005e-06
0.3323076923076923	6.20329831854748e-05	3.142457204686887e-06
0.3353846153846154	5.6944618507070093e-05	2.9816552291901427e-06
0.3384615384615385	4.736305181948705e-05	2.8348923565145797e-06
0.34153846153846157	4.8748469435753096e-05	2.70380590432854e-06
0.34461538461538466	5.4765776430071144e-05	2.5887913430068183e-06
0.3476923076923077	3.791414879762825e-05	2.489292086596807e-06
0.3507692307692308	5.979658343390892e-05	2.4037688921075774e-06
0.35384615384615387	4.7274012200893895e-05	2.3298894633797544e-06
0.35692307692307695	3.857114210692511e-05	2.2651098360410504e-06
0.36000000000000004	4.456758194198577e-05	2.206811884602097e-06
0.3630769230769231	3.390595562541923e-05	2.1525298053501695e-06
0.36615384615384616	4.839890814565289e-05	2.1001266096680992e-06
0.36923076923076925	4.0053969532815526e-05	2.0491117371857976e-06
0.37230769230769234	4.08173634377486e-05	1.9959266797367363e-06
0.37538461538461537	3.817237408297815e-05	1.9410169563359144e-06
0.37846153846153846	3.347752393807094e-05	1.8841969967712102e-06
0.38153846153846155	3.339778181134763e-05	1.8256883718158621e-06
0.38461538461538464	3.688247178171175e-05	1.766022274138031e-06
0.3876923076923077	3.341343738710426e-05	1.7059315477589562e-06
0.39076923076923076	2.9654965542642978e-05	1.6465779970969024e-06
0.39384615384615385	2.7630454869843277e-05	1.5879773472975737e-06
0.39692307692307693	3.190678393807651e-05	1.53136377636064e-06
0.4	3.336782261983575e-05	1.4773507758879822e-06
0.4030769230769231	2.6457447272595315e-05	1.4263722197000597e-06
0.40615384615384614	2.5698571616019685e-05	1.3786678765525556e-06
0.40923076923076923	2.6366365612816553e-05	1.3342888588650223e-06
0.4123076923076923	2.875204451012875e-05	1.2931030553500424e-06
0.4153846153846154	2.731641745392112e-05	1.2549427250369818e-06
0.4184615384615385	2.8064926010182123e-05	1.2194190107474969e-06
0.42153846153846153	2.3168753493236483e-05	1.1861268294384344e-06
0.4246153846153846	2.222834350699781e-05	1.15464563322877e-06
0.4276923076923077	1.9841225215683083e-05	1.1245742044042022e-06
0.4307692307692308	1.7270871558230872e-05	1.0955580589098415e-06
0.4338461538461539	1.7831974972485893e-05	1.0676498603890412e-06
0.4369230769230769	2.2353203464165127e-05	1.039997909755522e-06
0.44	1.7960706118547088e-05	1.0127470546579236e-06
0.4430769230769231	2.3320641851056212e-05	9.858310648660484e-07
0.4461538461538462	1.9397143191464153e-05	9.592470791828777e-07
0.44923076923076927	1.97924247347259e-05	9.330416108038827e-07
0.4523076923076923	1.885838822029323e-05	9.072947415338728e-07
0.4553846153846154	2.0179121250603563e-05	8.823630603751098e-07
0.4584615384615385	1.7220069298744136e-05	8.577963871339199e-07
0.46153846153846156	1.628503175196809e-05	8.339744753670047e-07
0.46461538461538465	1.6876120385399483e-05	8.109743267286391e-07
0.4676923076923077	1.5421319611289142e-05	7.888487573955047e-07
0.4707692307692308	1.4353730105605157e-05	7.676235282807327e-07
0.47384615384615386	1.4316950964647912e-05	7.472974677104789e-07
0.47692307692307695	1.423448468189406e-05	7.279084320707431e-07
0.48000000000000004	1.6025440967028456e-05	7.092784695241437e-07
0.48307692307692307	1.4707199363990655e-05	6.91424629209054e-07
0.48615384615384616	1.2374329943641938e-05	6.742783165497853e-07
0.48923076923076925	1.4855493730491093e-05	6.577675158411217e-07
0.49230769230769234	1.243801855517423e-05	6.418219914608412e-07
0.4953846153846154	1.2742948783301266e-05	6.263775234783121e-07
0.49846153846153846	1.2538215425978276e-05	6.114791062188363e-07
0.5015384615384615	1.1829957009233092e-05	5.969002615196644e-07
0.5046153846153846	1.0590840306796065e-05	5.826893692847533e-07
0.5076923076923077	1.0869710825289335e-05	5.688230731591173e-07
0.5107692307692308	1.1926329668887735e-05	5.552879307122829e-07
0.5138461538461538	1.3058825649023227e-05	5.420786134727807e-07
0.5169230769230769	1.1543937276414853e-05	5.291957455245806e-07
0.52	9.536735247666124e-06	5.167754014540322e-07
0.5230769230769231	1.013907948775562e-05	5.04558522962312e-07
0.5261538461538462	1.0316360165637407e-05	4.926802865360034e-07
0.5292307692307692	1.012923927302892e-05	4.811448037192574e-07
0.5323076923076923	7.998575560214276e-06	4.6995348274749215e-07
0.5353846153846153	1.0284861578712041e-05	4.591043817855607e-07
0.5384615384615384	9.545847251667505e-06	4.4867084478608607e-07
0.5415384615384615	8.328064228679979e-06	4.384788667617917e-07
0.5446153846153846	9.565172614774156e-06	4.286036800184003e-07
0.5476923076923077	7.183840857153032e-06	4.190319567091559e-07
0.5507692307692308	9.000669276435904e-06	4.0974882833981957e-07
0.5538461538461539	8.05874953070289e-06	4.0073868471959156e-07
0.556923076923077	6.850405584967182e-06	3.919859392506456e-07
0.5599999999999999	9.556128121028164e-06	3.835205872390838e-07
0.563076923076923	7.121665641241088e-06	3.752416435980054e-07
0.5661538461538461	5.580965946941668e-06	3.671808533981656e-07
0.5692307692307692	6.8522115233810875e-06	3.5932755787771667e-07
0.5723076923076923	6.884043939569666e-06	3.5167282735736316e-07
0.5753846153846154	6.379862201898408e-06	3.442093930940721e-07
0.5784615384615385	7.153842941134515e-06	3.369314678342834e-07
0.5815384615384614	6.668306914596518e-06	3.298925070913621e-07
0.5846153846153845	6.539097686228012e-06	3.229763803085111e-07
0.5876923076923076	6.187197230821436e-06	3.162336104659166e-07
0.5907692307692307	5.533297748762446e-06	3.096612488316754e-07
0.5938461538461538	5.413003422006854e-06	3.032564607536347e-07
0.5969230769230769	5.624187681451904e-06	2.9701631071703033e-07
0.6	5.792909131230443e-06	2.909376024051097e-07
0.6030769230769231	5.744328058280488e-06	2.850685767027344e-07
0.6061538461538462	5.526294295358208e-06	2.793000277361747e-07
0.6092307692307692	5.6274607841323124e-06	2.736806814713487e-07
0.6123076923076922	4.679905925835073e-06	2.6820608843451735e-07
0.6153846153846153	4.655802650444532e-06	2.628715608063549e-07
0.6184615384615384	5.232932954634463e-06	2.576722636335299e-07
0.6215384615384615	4.604294563733631e-06	2.5260331740756466e-07
0.6246153846153846	5.6053390673258475e-06	2.4769332221303646e-07
0.6276923076923077	4.09498837717152e-06	2.428702990967543e-07
0.6307692307692307	4.355016099962771e-06	2.3816421252774797e-07
0.6338461538461538	5.1307804883909375e-06	2.3357092741929737e-07
0.6369230769230769	4.580283207758973e-06	2.290865974793417e-07
0.64	3.876466323236015e-06	2.2470768637905283e-07
0.643076923076923	4.217670338223355e-06	2.2043096975004475e-07
0.6461538461538461	3.5170332706467225e-06	2.162843303881786e-07
0.6492307692307692	3.930992321598866e-06	2.1220486753989621e-07
0.6523076923076923	4.037435243841523e-06	2.0821954899828134e-07
0.6553846153846153	4.675830134503258e-06	2.0432601815471553e-07
0.6584615384615384	4.033217795450769e-06	2.0052206395412842e-07
0.6615384615384615	3.5518061657238158e-06	1.9680558001203992e-07
0.6646153846153846	4.14959959910759e-06	1.9320454606022953e-07
0.6676923076923077	4.064539238005855e-06	1.896573171249969e-07
0.6707692307692307	3.713852304049442e-06	1.8619126462088524e-07
0.6738461538461538	3.0886968505610708e-06	1.828043937118933e-07
0.6769230769230768	3.2421851811889993e-06	1.794947076513888e-07
0.6799999999999999	3.028802956536391e-06	1.76260201984233e-07
0.683076923076923	4.1141135699017976e-06	1.7309886502472033e-07
0.6861538461538461	3.672010844941553e-06	1.7003298074876352e-07
0.6892307692307692	2.721395960156255e-06	1.670115897078197e-07
0.6923076923076923	3.1481479323474506e-06	1.64057397780839e-07
0.6953846153846154	2.861370497459102e-06	1.611685026770738e-07
0.6984615384615385	3.41792499105747e-06	1.5834304490370245e-07
0.7015384615384614	3.0046258218782245e-06	1.555792190323836e-07
0.7046153846153845	2.8211294903598162e-06	1.5287528376849816e-07
0.7076923076923076	3.175601383261288e-06	1.5024902749810485e-07
0.7107692307692307	3.3400219044149153e-06	1.4766015931421106e-07
0.7138461538461538	2.908444132644311e-06	1.4512649686112818e-07
0.7169230769230769	2.7363378586920105e-06	1.4264658758338595e-07
0.72	2.4551794276050075e-06	1.402190495021482e-07
0.7230769230769231	3.1555567442582795e-06	1.3784256777932269e-07
0.7261538461538461	2.9672796195185576e-06	1.3551588939583335e-07
0.7292307692307692	2.810024693580163e-06	1.332559224491778e-07
0.7323076923076922	3.216242989013132e-06	1.3102563351441792e-07
0.7353846153846153	2.2841967408737586e-06	1.2884163907675164e-07
0.7384615384615384	2.5373497968939938e-06	1.2670284765895957e-07
0.7415384615384615	2.5932903076435755e-06	1.246081981658481e-07
0.7446153846153846	2.085515777153487e-06	1.2255665426887194e-07
0.7476923076923077	2.6303720301357584e-06	1.2056332144540809e-07
0.7507692307692307	2.8832366163093593e-06	1.1859500484840404e-07
0.7538461538461538	2.3914853916437242e-06	1.1666675059070523e-07
0.7569230769230769	2.242574418140469e-06	1.1477759804403822e-07
0.76	2.4808376030674464e-06	1.1292660237774501e-07
0.763076923076923	1.877244485588041e-06	1.1111283477175774e-07
0.7661538461538461	2.229499343304757e-06	1.0933538344783338e-07
0.7692307692307692	1.9193529991500913e-06	1.0760690761078006e-07
0.7723076923076923	2.0868082810453556e-06	1.0589943081412672e-07
0.7753846153846153	1.920448378226029e-06	1.042256751699235e-07
0.7784615384615384	2.001785087269871e-06	1.0258482001636298e-07
0.7815384615384615	1.624097186041684e-06	1.0097606845320654e-07
0.7846153846153846	2.0212072501411903e-06	9.9398648511718e-08
0.7876923076923077	1.8637639160782748e-06	9.785181391044374e-08
0.7907692307692308	1.5734806639215518e-06	9.6346664089303e-08
0.7938461538461538	1.7721594271501136e-06	9.485899006188156e-08
0.7969230769230768	1.647515835951115e-06	9.339982338835506e-08
0.7999999999999999	1.7662166054360652e-06	9.19685117129223e-08
0.803076923076923	2.068259420849933e-06	9.056442451170902e-08
0.8061538461538461	1.9452374312730732e-06	8.91869516312234e-08
0.8092307692307692	1.62987297826751e-06	8.783550161872344e-08
0.8123076923076923	1.7865870385176464e-06	8.652022213221657e-08
0.8153846153846154	1.9535407683379235e-06	8.521919807561412e-08
0.8184615384615385	1.6695916718283714e-06	8.394250203172279e-08
0.8215384615384616	1.391503278236103e-06	8.268960041807812e-08
0.8246153846153845	1.5280961735354223e-06	8.145997185068937e-08
0.8276923076923076	1.6412474724886972e-06	8.025310617310435e-08
0.8307692307692307	1.5127166284008383e-06	7.907793408908934e-08
0.8338461538461538	1.2699052200659174e-06	7.791513779795e-08
0.8369230769230769	1.473285952022096e-06	7.677363034617111e-08
0.84	1.4774971780053236e-06	7.565294471509538e-08
0.8430769230769231	1.665751538944584e-06	7.455262389786168e-08
0.8461538461538461	1.5112805246085683e-06	7.347222101762933e-08
0.8492307692307692	1.144063843356734e-06	7.241129953987893e-08
0.8523076923076923	1.3476213858555122e-06	7.1377684837278e-08
0.8553846153846153	1.528866997313943e-06	7.035450012194504e-08
0.8584615384615384	1.5158800890873677e-06	6.934955585760222e-08
0.8615384615384615	1.3307855790483477e-06	6.836245883560772e-08
0.8646153846153846	1.32898709523979e-06	6.739282646001944e-08
0.8676923076923077	1.3799219103619143e-06	6.6440286683627e-08
0.8707692307692307	1.1937138770458545e-06	6.550447783705383e-08
0.8738461538461538	1.089061229152634e-06	6.4592416325526e-08
0.8769230769230769	1.0894958737568837e-06	6.368906410038572e-08
0.88	1.233102913668774e-06	6.280140181805917e-08
0.883076923076923	1.1813962945392486e-06	6.192909874344247e-08
0.8861538461538461	1.211464192811668e-06	6.107183117411825e-08
0.8892307692307692	1.121182493818436e-06	6.022928174093133e-08
0.8923076923076922	1.1040283565455363e-06	5.940113869028877e-08
0.8953846153846153	1.445290720921249e-06	5.8593622336319183e-08
0.8984615384615384	1.0158431698744407e-06	5.7793387808966116e-08
0.9015384615384615	1.1553589486925078e-06	5.7006644478982786e-08
0.9046153846153846	1.042725235873072e-06	5.62330965306602e-08
0.9076923076923077	1.3143412113170918e-06	5.547245074366364e-08
0.9107692307692308	1.1289307531929297e-06	5.4724415970304535e-08
0.9138461538461538	1.1864419011524488e-06	5.399431490832628e-08
0.9169230769230768	1.0366272335596098e-06	5.327062261193738e-08
0.9199999999999999	1.1880094701357094e-06	5.255867197639875e-08
0.923076923076923	8.493315807918433e-07	5.185817638422364e-08
0.9261538461538461	1.168266325132471e-06	5.116884939883852e-08
0.9292307692307692	1.0184865332593901e-06	5.0490404516264504e-08
0.9323076923076923	1.0664746650365575e-06	4.982255495961602e-08
0.9353846153846154	1.0955384588290122e-06	4.9169727794409224e-08
0.9384615384615385	8.682990965277211e-07	4.8522180152331226e-08
0.9415384615384615	1.012596511719657e-06	4.7884361213208867e-08
0.9446153846153845	1.1911463663706906e-06	4.725598157442183e-08
0.9476923076923076	9.86368097214457e-07	4.6636751055547765e-08
0.9507692307692307	8.004065843013256e-07	4.602637874984868e-08
0.9538461538461538	8.64084606978749e-07	4.5424573122950456e-08
0.9569230769230769	7.699030090561224e-07	4.483490745676114e-08
0.96	9.856280104151534e-07	4.4249317485853354e-08
0.963076923076923	1.0118433556023518e-06	4.3671413438667746e-08
0.9661538461538461	9.88357686615039e-07	4.3100903174792523e-08
0.9692307692307692	8.348688607730037e-07	4.253749526953515e-08
0.9723076923076923	9.407126247819232e-07	4.198089943436859e-08
0.9753846153846153	8.080745650600512e-07	4.143082698219143e-08
0.9784615384615384	7.333727051701488e-07	4.08900382473499e-08
0.9815384615384615	8.49970113217635e-07	4.0352099074719885e-08
0.9846153846153846	8.538897402998466e-07	3.9819828633492996e-08
0.9876923076923076	8.329165840557139e-07	3.929295016975849e-08
0.9907692307692307	7.526595027300155e-07	3.8771191328500025e-08
0.9938461538461538	7.211199770197275e-07	3.825428473003688e-08
0.9969230769230769	9.291632470157452e-07	3.774430735518382e-08
1.0	8.354573295572116e-07	3.723626486241367e-08
